[0, 2]
[0, 7, 14]
[0, 3, 30, 23]
[0, 5, 21, 20, 7]
[0, 23, 2, 19, 11, 28]
[0, 1]
[0, 22, 4]
[0, 1, 20, 28]
[0, 9, 27, 20, 23]
[0, 22, 28, 3, 16, 7]
[0, 29]
[0, 11, 19]
[0, 2, 6, 16]
[0, 8, 12, 4, 21]
[0, 10, 25, 3, 28, 19]
[0, 17]
[0, 25, 15]
[0, 24, 9, 30]
[0, 27, 15, 8, 23]
[0, 6, 21, 26, 5, 17]
[0, 14]
[0, 9, 16]
[0, 13, 18, 6]
[0, 30, 23, 9, 3]
[0, 16, 1, 25, 12, 30]
[0, 14]
[0, 9, 3]
[0, 10, 29, 21]
[0, 18, 1, 25, 6]
[0, 10, 12, 3, 21, 18]
[0, 22]
[0, 6, 21]
[0, 7, 3, 23]
[0, 30, 21, 15, 3]
[0, 1, 27, 24, 20, 14]
[0, 5]
[0, 8, 17]
[0, 9, 12, 1]
[0, 12, 20, 27, 24]
[0, 14, 22, 3, 18, 8]
[0, 27]
[0, 2, 17]
[0, 2, 6, 20]
[0, 2, 23, 29, 10]
[0, 20, 14, 29, 23, 2]
[0, 13]
[0, 23, 4]
[0, 25, 6, 3]
[0, 25, 28, 3, 11]
[0, 6, 21, 19, 28, 11]
[0, 5]
[0, 23, 4]
[0, 6, 30, 2]
[0, 20, 2, 7, 12]
[0, 18, 27, 24, 5, 15]
[0, 1]
[0, 8, 11]
[0, 24, 7, 15]
[0, 16, 2, 12, 9]
[0, 8, 19, 2, 13, 22]
[0, 11]
[0, 10, 18]
[0, 1, 24, 17]
[0, 4, 26, 14, 10]
[0, 9, 4, 19, 11, 22]
[0, 28]
[0, 8, 24]
[0, 8, 18, 21]
[0, 11, 4, 27, 16]
[0, 18, 6, 24, 13, 1]
[0, 1]
[0, 27, 2]
[0, 18, 1, 25]
[0, 10, 19, 28, 2]
[0, 29, 3, 18, 7, 22]
[0, 19]
[0, 17, 30]
[0, 26, 12, 2]
[0, 22, 30, 2, 18]
[0, 22, 1, 27, 16, 14]
[0, 28]
[0, 28, 4]
[0, 22, 6, 18]
[0, 25, 18, 30, 9]
[0, 21, 9, 12, 4, 27]
[0, 3]
[0, 26, 19]
[0, 3, 28, 14]
[0, 26, 16, 5, 14]
[0, 26, 20, 24, 7, 3]
[0, 15]
[0, 21, 7]
[0, 18, 3, 8]
[0, 27, 10, 22, 14]
[0, 21, 8, 5, 30, 18]
[0, 24]
[0, 18, 23]
[0, 16, 12, 30]
[0, 28, 4, 16, 23]
[0, 25, 3, 19, 7, 14]
[0, 8]
[0, 8, 22]
[0, 1, 20, 22]
[0, 17, 13, 7, 26]
[0, 14, 27, 1, 22, 9]
[0, 27]
[0, 23, 6]
[0, 9, 29, 4]
[0, 4, 23, 20, 9]
[0, 7, 21, 5, 13, 19]
[0, 10]
[0, 10, 17]
[0, 15, 6, 26]
[0, 20, 26, 21, 2]
[0, 27, 4, 9, 21, 11]
[0, 21]
[0, 23, 2]
[0, 21, 8, 13]
[0, 7, 25, 27, 4]
[0, 11, 22, 3, 27, 18]
[0, 9]
[0, 14, 25]
[0, 16, 10, 15]
[0, 29, 23, 10, 14]
[0, 29, 10, 23, 2, 11]
[0, 12]
[0, 11, 24]
[0, 15, 8, 16]
[0, 20, 8, 5, 21]
[0, 24, 14, 6, 3, 26]
[0, 11]
[0, 17, 23]
[0, 10, 11, 30]
[0, 23, 2, 26, 14]
[0, 5, 28, 7, 21, 12]
[0, 13]
[0, 16, 23]
[0, 19, 15, 24]
[0, 7, 16, 13, 5]
[0, 15, 6, 29, 21, 1]
[0, 20]
[0, 9, 27]
[0, 27, 22, 11]
[0, 21, 11, 5, 8]
[0, 29, 8, 24, 20, 15]
[0, 4]
[0, 3, 14]
[0, 7, 26, 14]
[0, 29, 3, 9, 15]
[0, 17, 7, 23, 5, 29]
[0, 21]
[0, 4, 27]
[0, 3, 17, 12]
[0, 15, 19, 28, 24]
[0, 27, 7, 13, 21, 4]
[0, 10]
[0, 16, 6]
[0, 18, 24, 7]
[0, 22, 20, 2, 28]
[0, 10, 15, 20, 30, 2]
[0, 9]
[0, 13, 8]
[0, 24, 20, 13]
[0, 19, 5, 28, 22]
[0, 17, 5, 9, 11, 29]
[0, 4]
[0, 11, 21]
[0, 3, 8, 14]
[0, 2, 8, 23, 29]
[0, 17, 10, 30, 14, 22]
[0, 8]
[0, 21, 14]
[0, 9, 1, 25]
[0, 14, 29, 2, 17]
[0, 6, 1, 15, 27, 21]
[0, 13]
[0, 18, 29]
[0, 24, 8, 20]
[0, 11, 10, 20, 28]
[0, 1, 10, 20, 26, 12]
[0, 30]
[0, 14, 29]
[0, 26, 4, 18]
[0, 10, 22, 18, 15]
[0, 29, 17, 2, 25, 10]
[0, 24]
[0, 20, 13]
[0, 14, 27, 5]
[0, 7, 3, 24, 28]
[0, 22, 2, 13, 19, 8]
[0, 20]
[0, 18, 11]
[0, 1, 14, 26]
[0, 5, 20, 7, 25]
[0, 12, 22, 19, 4, 27]
[0, 6]
[0, 18, 4]
[0, 22, 11, 27]
[0, 8, 16, 11, 2]
[0, 7, 2, 28, 23, 11]
[0, 27]
[0, 5, 27]
[0, 24, 20, 1]
[0, 20, 13, 5, 29]
[0, 15, 26, 2, 25, 18]
[0, 13]
[0, 17, 8]
[0, 27, 7, 22]
[0, 24, 16, 13, 26]
[0, 25, 30, 6, 13, 1]
[0, 22]
[0, 4, 24]
[0, 11, 4, 17]
[0, 20, 24, 8, 1]
[0, 24, 18, 2, 13, 9]
[0, 6]
[0, 25, 17]
[0, 25, 8, 5]
[0, 28, 18, 6, 2]
[0, 10, 28, 2, 25, 18]
[0, 8]
[0, 4, 15]
[0, 11, 2, 18]
[0, 29, 21, 20, 2]
[0, 13, 9, 22, 2, 18]
[0, 28]
[0, 20, 10]
[0, 3, 13, 23]
[0, 26, 5, 12, 22]
[0, 7, 22, 5, 18, 15]
[0, 23]
[0, 29, 1]
[0, 20, 10, 24]
[0, 21, 3, 8, 15]
[0, 6, 26, 16, 11, 5]
[0, 27]
[0, 28, 10]
[0, 21, 15, 9]
[0, 9, 3, 13, 25]
[0, 12, 27, 9, 20, 23]
[0, 22]
[0, 12, 17]
[0, 6, 26, 1]
[0, 27, 22, 13, 6]
[0, 13, 10, 4, 29, 16]
[0, 20]
[0, 18, 12]
[0, 12, 16, 3]
[0, 16, 25, 12, 4]
[0, 11, 7, 1, 29, 19]
[0, 8]
[0, 23, 2]
[0, 16, 1, 9]
[0, 10, 24, 1, 17]
[0, 7, 22, 29, 12, 17]
[0, 28]
[0, 17, 12]
[0, 12, 28, 3]
[0, 11, 7, 1, 23]
[0, 20, 2, 28, 21, 11]
[0, 11]
[0, 4, 21]
[0, 24, 15, 27]
[0, 23, 11, 18, 3]
[0, 6, 15, 19, 24, 28]
[0, 5]
[0, 24, 13]
[0, 9, 25, 30]
[0, 26, 16, 8, 23]
[0, 25, 30, 14, 2, 20]
[0, 18]
[0, 28, 6]
[0, 25, 6, 13]
[0, 30, 23, 16, 3]
[0, 17, 9, 12, 24, 26]
[0, 8]
[0, 8, 28]
[0, 8, 17, 4]
[0, 5, 20, 30, 14]
[0, 24, 26, 19, 2, 9]
[0, 2]
[0, 4, 10]
[0, 9, 20, 30]
[0, 9, 16, 14, 3]
[0, 30, 13, 6, 2, 23]
[0, 13]
[0, 11, 2]
[0, 20, 12, 2]
[0, 30, 13, 17, 25]
[0, 21, 16, 30, 2, 13]
[0, 28]
[0, 6, 5]
[0, 18, 7, 5]
[0, 1, 19, 9, 25]
[0, 6, 21, 28, 18, 3]
[0, 20]
[0, 3, 8]
[0, 19, 2, 23]
[0, 14, 30, 25, 2]
[0, 1, 30, 16, 13, 22]
[0, 25]
[0, 5, 17]
[0, 20, 30, 23]
[0, 3, 28, 18, 22]
[0, 13, 30, 5, 21, 7]
[0, 2]
[0, 27, 19]
[0, 18, 4, 12]
[0, 18, 27, 1, 8]
[0, 30, 23, 14, 3, 16]
[0, 20]
[0, 24, 30]
[0, 10, 28, 3]
[0, 10, 23, 26, 3]
[0, 16, 11, 30, 10, 24]
[0, 25]
[0, 3, 9]
[0, 21, 14, 29]
[0, 30, 8, 20, 13]
[0, 11, 30, 3, 8, 16]
[0, 13]
[0, 28, 24]
[0, 27, 18, 10]
[0, 21, 2, 13, 29]
[0, 10, 29, 11, 3, 22]
[0, 10]
[0, 25, 4]
[0, 7, 24, 20]
[0, 20, 5, 10, 13]
[0, 2, 18, 9, 21, 26]
[0, 20]
[0, 1, 29]
[0, 18, 5, 24]
[0, 8, 23, 20, 1]
[0, 5, 16, 24, 8, 11]
[0, 14]
[0, 21, 30]
[0, 16, 27, 5]
[0, 21, 15, 6, 18]
[0, 5, 20, 30, 6, 21]
[0, 17]
[0, 21, 4]
[0, 16, 4, 28]
[0, 9, 28, 11, 4]
[0, 27, 5, 25, 8, 14]
[0, 5]
[0, 11, 9]
[0, 2, 16, 30]
[0, 26, 7, 16, 13]
[0, 23, 11, 10, 16, 30]
[0, 28]
[0, 19, 29]
[0, 21, 8, 1]
[0, 15, 7, 1, 21]
[0, 1, 13, 16, 27, 7]
[0, 17]
[0, 2, 15]
[0, 24, 30, 1]
[0, 8, 26, 2, 25]
[0, 16, 30, 1, 25, 12]
[0, 29]
[0, 25, 26]
[0, 8, 29, 14]
[0, 9, 5, 20, 15]
[0, 26, 17, 5, 15, 9]
[0, 5]
[0, 15, 17]
[0, 22, 10, 5]
[0, 27, 19, 12, 21]
[0, 27, 12, 16, 24, 6]
[0, 17]
[0, 29, 20]
[0, 20, 5, 15]
[0, 9, 15, 18, 26]
[0, 25, 29, 17, 6, 12]
[0, 26]
[0, 13, 27]
[0, 19, 9, 23]
[0, 5, 23, 19, 15]
[0, 17, 6, 13, 23, 27]
[0, 2]
[0, 21, 27]
[0, 22, 10, 27]
[0, 18, 10, 27, 15]
[0, 21, 10, 1, 29, 18]
[0, 21]
[0, 26, 4]
[0, 11, 16, 29]
[0, 21, 17, 12, 1]
[0, 3, 12, 18, 7, 27]
[0, 18]
[0, 8, 17]
[0, 2, 21, 30]
[0, 2, 12, 22, 28]
[0, 11, 23, 26, 7, 19]
[0, 6]
[0, 22, 11]
[0, 5, 7, 30]
[0, 17, 30, 1, 24]
[0, 29, 18, 2, 24, 6]
[0, 5]
[0, 20, 26]
[0, 25, 3, 30]
[0, 1, 8, 28, 15]
[0, 21, 11, 7, 2, 16]
[0, 30]
[0, 12, 20]
[0, 19, 27, 24]
[0, 3, 25, 18, 7]
[0, 10, 16, 22, 2, 12]
[0, 8]
[0, 22, 4]
[0, 29, 10, 5]
[0, 12, 8, 29, 22]
[0, 15, 30, 18, 3, 23]
[0, 5]
[0, 15, 17]
[0, 13, 22, 1]
[0, 11, 23, 29, 10]
[0, 2, 13, 22, 6, 26]
[0, 17]
[0, 13, 29]
[0, 15, 20, 29]
[0, 21, 5, 16, 27]
[0, 4, 10, 12, 18, 21]
[0, 23]
[0, 27, 19]
[0, 6, 12, 28]
[0, 21, 8, 15, 4]
[0, 9, 17, 12, 4, 29]
[0, 7]
[0, 19, 28]
[0, 16, 14, 9]
[0, 17, 30, 21, 12]
[0, 22, 27, 6, 2, 18]
[0, 3]
[0, 11, 27]
[0, 24, 13, 10]
[0, 21, 20, 26, 9]
[0, 13, 8, 3, 17, 21]
[0, 17]
[0, 17, 14]
[0, 8, 17, 14]
[0, 8, 4, 19, 29]
[0, 18, 14, 4, 30, 25]
[0, 8]
[0, 25, 7]
[0, 18, 10, 11]
[0, 18, 12, 5, 21]
[0, 24, 4, 11, 28, 9]
[0, 3]
[0, 15, 5]
[0, 28, 16, 14]
[0, 6, 22, 15, 27]
[0, 22, 12, 4, 27, 16]
[0, 13]
[0, 27, 9]
[0, 24, 30, 2]
[0, 10, 14, 25, 30]
[0, 2, 11, 26, 8, 25]
[0, 8]
[0, 11, 28]
[0, 26, 24, 18]
[0, 30, 5, 13, 8]
[0, 14, 22, 10, 29, 19]
[0, 10]
[0, 3, 19]
[0, 16, 9, 21]
[0, 9, 15, 23, 29]
[0, 22, 13, 16, 4, 6]
[0, 24]
[0, 2, 21]
[0, 17, 30, 15]
[0, 29, 18, 1, 6]
[0, 12, 10, 3, 18, 22]
[0, 13]
[0, 3, 7]
[0, 26, 13, 7]
[0, 19, 10, 30, 3]
[0, 20, 11, 5, 8, 29]
[0, 30]
[0, 18, 24]
[0, 26, 1, 10]
[0, 8, 4, 18, 30]
[0, 6, 13, 5, 25, 17]
[0, 3]
[0, 23, 18]
[0, 15, 8, 26]
[0, 24, 16, 4, 12]
[0, 25, 14, 20, 9, 30]
[0, 12]
[0, 3, 28]
[0, 25, 8, 18]
[0, 19, 10, 23, 4]
[0, 25, 1, 19, 13, 26]
[0, 17]
[0, 15, 9]
[0, 17, 27, 15]
[0, 14, 19, 6, 25]
[0, 4, 25, 15, 19, 28]
[0, 19]
[0, 9, 11]
[0, 10, 21, 18]
[0, 2, 19, 23, 15]
[0, 29, 8, 12, 1, 25]
[0, 29]
[0, 11, 20]
[0, 18, 23, 4]
[0, 15, 1, 21, 17]
[0, 13, 6, 27, 22, 19]
[0, 3]
[0, 17, 21]
[0, 6, 25, 20]
[0, 12, 4, 22, 10]
[0, 18, 3, 26, 6, 21]
[0, 10]
[0, 13, 2]
[0, 2, 12, 24]
[0, 28, 1, 24, 15]
[0, 11, 29, 5, 7, 22]
[0, 3]
[0, 14, 20]
[0, 8, 5, 29]
[0, 8, 5, 26, 13]
[0, 9, 21, 15, 4, 26]
[0, 6]
[0, 15, 7]
[0, 21, 3, 27]
[0, 3, 14, 8, 17]
[0, 30, 14, 23, 20, 9]
[0, 22]
[0, 23, 4]
[0, 1, 30, 18]
[0, 12, 29, 22, 7]
[0, 29, 21, 15, 8, 17]
[0, 11]
[0, 8, 11]
[0, 21, 5, 10]
[0, 30, 13, 9, 5]
[0, 11, 16, 5, 22, 30]
[0, 4]
[0, 21, 29]
[0, 22, 18, 5]
[0, 10, 1, 23, 18]
[0, 6, 16, 30, 23, 3]
[0, 30]
[0, 9, 29]
[0, 16, 28, 1]
[0, 4, 9, 12, 27]
[0, 20, 12, 25, 5, 26]
[0, 13]
[0, 15, 28]
[0, 26, 2, 16]
[0, 15, 6, 4, 18]
[0, 11, 30, 5, 7, 18]
[0, 26]
[0, 11, 29]
[0, 1, 22, 26]
[0, 1, 28, 7, 16]
[0, 28, 19, 12, 10, 3]
[0, 13]
[0, 6, 20]
[0, 19, 25, 30]
[0, 25, 27, 9, 5]
[0, 10, 22, 2, 27, 17]
[0, 21]
[0, 19, 2]
[0, 15, 3, 29]
[0, 6, 30, 18, 11]
[0, 17, 26, 13, 3, 24]
[0, 11]
[0, 13, 21]
[0, 4, 10, 26]
[0, 11, 9, 16, 26]
[0, 8, 3, 17, 27, 13]
[0, 4]
[0, 17, 21]
[0, 15, 22, 30]
[0, 29, 23, 5, 15]
[0, 13, 20, 8, 28, 1]
[0, 24]
[0, 19, 27]
[0, 19, 14, 26]
[0, 1, 20, 11, 10]
[0, 23, 11, 1, 6, 19]
[0, 27]
[0, 14, 24]
[0, 6, 24, 20]
[0, 28, 16, 3, 23]
[0, 20, 2, 23, 9, 26]
[0, 9]
[0, 17, 15]
[0, 10, 17, 15]
[0, 12, 20, 8, 30]
[0, 11, 17, 26, 10, 21]
[0, 30]
[0, 19, 21]
[0, 5, 19, 9]
[0, 28, 4, 10, 19]
[0, 8, 11, 25, 29, 16]
[0, 25]
[0, 7, 16]
[0, 8, 4, 22]
[0, 20, 29, 21, 10]
[0, 11, 25, 10, 26, 1]
[0, 18]
[0, 23, 30]
[0, 7, 29, 3]
[0, 23, 15, 18, 6]
[0, 26, 16, 5, 10, 11]
[0, 7]
[0, 28, 19]
[0, 14, 21, 27]
[0, 9, 4, 25, 30]
[0, 23, 26, 10, 13, 3]
[0, 6]
[0, 30, 20]
[0, 10, 2, 15]
[0, 21, 14, 28, 7]
[0, 22, 6, 11, 1, 30]
[0, 26]
[0, 30, 24]
[0, 5, 29, 17]
[0, 1, 13, 9, 29]
[0, 12, 10, 30, 22, 2]
[0, 28]
[0, 14, 24]
[0, 22, 18, 1]
[0, 1, 26, 19, 23]
[0, 23, 27, 4, 8, 15]
[0, 29]
[0, 27, 20]
[0, 16, 10, 3]
[0, 26, 6, 22, 4]
[0, 25, 7, 14, 29, 17]
[0, 24]
[0, 7, 15]
[0, 10, 24, 15]
[0, 21, 12, 19, 9]
[0, 3, 22, 6, 13, 20]
[0, 27]
[0, 15, 10]
[0, 6, 25, 11]
[0, 5, 7, 23, 16]
[0, 13, 6, 29, 19, 25]
[0, 6]
[0, 19, 2]
[0, 14, 27, 24]
[0, 12, 18, 3, 25]
[0, 15, 2, 30, 23, 20]
[0, 25]
[0, 29, 16]
[0, 17, 13, 25]
[0, 30, 12, 2, 8]
[0, 30, 12, 19, 23, 5]
[0, 7]
[0, 26, 21]
[0, 23, 18, 12]
[0, 12, 27, 25, 17]
[0, 10, 12, 27, 5, 18]
[0, 14]
[0, 3, 14]
[0, 10, 21, 16]
[0, 17, 4, 9, 28]
[0, 27, 8, 13, 20, 24]
[0, 6]
[0, 19, 14]
[0, 13, 17, 6]
[0, 28, 6, 3, 14]
[0, 24, 10, 27, 5, 14]
[0, 29]
[0, 23, 28]
[0, 18, 29, 6]
[0, 1, 26, 12, 7]
[0, 15, 5, 26, 21, 6]
[0, 17]
[0, 11, 10]
[0, 21, 4, 28]
[0, 15, 3, 21, 27]
[0, 27, 18, 22, 6, 12]
[0, 13]
[0, 22, 26]
[0, 13, 25, 27]
[0, 30, 23, 6, 12]
[0, 25, 10, 1, 14, 19]
[0, 14]
[0, 3, 24]
[0, 6, 1, 17]
[0, 24, 10, 17, 29]
[0, 21, 14, 10, 18, 3]
[0, 16]
[0, 23, 20]
[0, 8, 25, 2]
[0, 9, 12, 18, 28]
[0, 30, 15, 20, 10, 2]
[0, 29]
[0, 18, 21]
[0, 3, 6, 21]
[0, 20, 26, 12, 22]
[0, 6, 14, 25, 28, 18]
[0, 18]
[0, 19, 3]
[0, 19, 15, 22]
[0, 6, 30, 18, 5]
[0, 13, 6, 28, 24, 4]
[0, 21]
[0, 30, 25]
[0, 3, 10, 11]
[0, 2, 25, 18, 7]
[0, 5, 18, 14, 23, 30]
[0, 4]
[0, 30, 9]
[0, 8, 12, 21]
[0, 15, 21, 4, 29]
[0, 26, 14, 10, 19, 1]
[0, 28]
[0, 11, 5]
[0, 12, 18, 10]
[0, 18, 6, 3, 22]
[0, 12, 17, 2, 9, 27]
[0, 9]
[0, 12, 6]
[0, 26, 12, 24]
[0, 23, 26, 7, 5]
[0, 17, 10, 2, 21, 11]
[0, 11]
[0, 19, 14]
[0, 24, 16, 12]
[0, 6, 15, 21, 17]
[0, 1, 16, 27, 15, 24]
[0, 30]
[0, 16, 27]
[0, 1, 7, 27]
[0, 12, 30, 25, 7]
[0, 11, 8, 4, 24, 17]
[0, 23]
[0, 12, 19]
[0, 18, 24, 5]
[0, 24, 4, 8, 16]
[0, 12, 10, 1, 30, 20]
[0, 6]
[0, 6, 4]
[0, 15, 26, 8]
[0, 2, 12, 19, 21]
[0, 26, 1, 15, 23, 7]
[0, 8]
[0, 24, 6]
[0, 17, 24, 30]
[0, 15, 4, 17, 30]
[0, 25, 20, 8, 13, 27]
[0, 1]
[0, 1, 30]
[0, 4, 22, 27]
[0, 3, 25, 14, 19]
[0, 9, 13, 20, 22, 29]
[0, 27]
[0, 16, 9]
[0, 22, 20, 3]
[0, 13, 22, 8, 3]
[0, 4, 10, 16, 27, 12]
[0, 1]
[0, 26, 4]
[0, 5, 12, 29]
[0, 6, 5, 24, 18]
[0, 29, 14, 23, 7, 2]
[0, 14]
[0, 19, 8]
[0, 27, 10, 2]
[0, 20, 10, 25, 4]
[0, 11, 4, 7, 18, 23]
[0, 8]
[0, 19, 7]
[0, 29, 25, 15]
[0, 6, 16, 24, 15]
[0, 15, 6, 19, 22, 28]
[0, 24]
[0, 18, 5]
[0, 3, 28, 19]
[0, 21, 6, 14, 17]
[0, 25, 9, 17, 11, 29]
[0, 28]
[0, 5, 24]
[0, 23, 11, 2]
[0, 29, 2, 24, 8]
[0, 22, 26, 9, 3, 18]
[0, 8]
[0, 17, 11]
[0, 5, 20, 29]
[0, 29, 23, 17, 13]
[0, 23, 5, 15, 17, 8]
[0, 12]
[0, 30, 22]
[0, 10, 3, 29]
[0, 22, 5, 15, 19]
[0, 22, 28, 7, 4, 16]
[0, 10]
[0, 5, 22]
[0, 11, 27, 18]
[0, 2, 13, 20, 6]
[0, 20, 4, 15, 26, 24]
[0, 4]
[0, 22, 10]
[0, 12, 8, 30]
[0, 6, 30, 17, 23]
[0, 1, 21, 11, 9, 26]
[0, 12]
[0, 3, 18]
[0, 13, 16, 28]
[0, 28, 16, 15, 8]
[0, 3, 28, 8, 18, 14]
[0, 24]
[0, 15, 7]
[0, 8, 1, 29]
[0, 16, 27, 21, 14]
[0, 11, 22, 28, 18, 5]
[0, 13]
[0, 4, 17]
[0, 28, 8, 11]
[0, 6, 5, 13, 16]
[0, 21, 18, 2, 29, 15]
[0, 24]
[0, 9, 21]
[0, 18, 13, 5]
[0, 25, 5, 26, 11]
[0, 2, 30, 8, 20, 23]
[0, 15]
[0, 13, 2]
[0, 16, 25, 12]
[0, 12, 23, 28, 17]
[0, 25, 30, 16, 3, 9]
[0, 6]
[0, 19, 7]
[0, 15, 5, 18]
[0, 21, 28, 15, 8]
[0, 2, 10, 18, 24, 29]
[0, 18]
[0, 22, 19]
[0, 14, 27, 18]
[0, 17, 28, 8, 3]
[0, 6, 27, 21, 12, 17]
[0, 3]
[0, 6, 14]
[0, 5, 20, 22]
[0, 5, 27, 17, 14]
[0, 22, 18, 7, 13, 5]
[0, 2]
[0, 9, 23]
[0, 24, 19, 28]
[0, 26, 8, 5, 19]
[0, 6, 21, 19, 13, 4]
[0, 3]
[0, 17, 8]
[0, 7, 22, 29]
[0, 2, 16, 14, 6]
[0, 5, 12, 28, 19, 24]
[0, 23]
[0, 23, 28]
[0, 12, 30, 16]
[0, 10, 21, 4, 27]
[0, 16, 23, 11, 27, 5]
[0, 23]
[0, 13, 22]
[0, 24, 16, 30]
[0, 23, 3, 6, 29]
[0, 28, 25, 7, 4, 16]
[0, 26]
[0, 18, 5]
[0, 8, 11, 21]
[0, 24, 15, 9, 4]
[0, 26, 6, 22, 4, 20]
[0, 18]
[0, 7, 24]
[0, 24, 16, 15]
[0, 12, 6, 28, 5]
[0, 24, 14, 27, 7, 20]
[0, 14]
[0, 19, 12]
[0, 25, 14, 5]
[0, 17, 10, 26, 12]
[0, 19, 5, 24, 26, 8]
[0, 16]
[0, 5, 6]
[0, 18, 3, 15]
[0, 16, 14, 8, 5]
[0, 19, 24, 29, 2, 6]
[0, 6]
[0, 16, 3]
[0, 18, 5, 10]
[0, 30, 1, 24, 7]
[0, 11, 19, 27, 3, 10]
[0, 16]
[0, 3, 9]
[0, 21, 12, 5]
[0, 11, 27, 4, 20]
[0, 25, 9, 12, 18, 26]
[0, 24]
[0, 28, 21]
[0, 25, 8, 15]
[0, 18, 13, 25, 4]
[0, 17, 10, 3, 11, 21]
[0, 12]
[0, 21, 7]
[0, 17, 13, 7]
[0, 4, 26, 22, 10]
[0, 14, 25, 8, 18, 29]
[0, 17]
[0, 7, 13]
[0, 23, 1, 19]
[0, 14, 26, 20, 6]
[0, 20, 5, 11, 8, 21]
[0, 17]
[0, 19, 7]
[0, 30, 23, 20]
[0, 30, 4, 23, 9]
[0, 15, 25, 17, 8, 30]
[0, 12]
[0, 28, 19]
[0, 29, 20, 7]
[0, 19, 3, 8, 23]
[0, 17, 22, 3, 11, 10]
[0, 11]
[0, 22, 20]
[0, 18, 28, 10]
[0, 15, 21, 4, 9]
[0, 15, 7, 5, 17, 26]
[0, 15]
[0, 8, 3]
[0, 6, 23, 5]
[0, 8, 19, 5, 25]
[0, 22, 7, 1, 29, 20]
[0, 25]
[0, 3, 20]
[0, 18, 1, 28]
[0, 20, 15, 27, 24]
[0, 16, 5, 24, 14, 30]
[0, 10]
[0, 3, 26]
[0, 15, 17, 25]
[0, 25, 17, 5, 8]
[0, 25, 4, 17, 12, 7]
[0, 16]
[0, 19, 11]
[0, 3, 14, 24]
[0, 4, 28, 24, 16]
[0, 27, 10, 4, 23, 16]
[0, 17]
[0, 7, 5]
[0, 28, 10, 24]
[0, 18, 13, 8, 27]
[0, 20, 7, 1, 25, 13]
[0, 22]
[0, 18, 26]
[0, 17, 13, 5]
[0, 26, 19, 5, 10]
[0, 22, 18, 1, 7, 28]
[0, 23]
[0, 20, 3]
[0, 17, 28, 1]
[0, 19, 26, 14, 8]
[0, 16, 7, 3, 14, 26]
[0, 3]
[0, 12, 26]
[0, 9, 2, 15]
[0, 12, 2, 19, 25]
[0, 13, 25, 6, 20, 3]
[0, 1]
[0, 4, 10]
[0, 29, 10, 15]
[0, 7, 29, 4, 21]
[0, 3, 26, 22, 10, 17]
[0, 2]
[0, 11, 19]
[0, 13, 28, 5]
[0, 27, 3, 23, 10]
[0, 12, 9, 16, 30, 1]
[0, 7]
[0, 14, 26]
[0, 24, 30, 8]
[0, 16, 25, 3, 6]
[0, 30, 18, 1, 15, 7]
[0, 12]
[0, 12, 6]
[0, 24, 15, 29]
[0, 29, 17, 8, 14]
[0, 6, 28, 4, 12, 17]
[0, 8]
[0, 13, 25]
[0, 23, 9, 5]
[0, 28, 17, 21, 5]
[0, 5, 27, 11, 22, 20]
[0, 4]
[0, 8, 26]
[0, 12, 7, 23]
[0, 1, 17, 13, 30]
[0, 8, 4, 15, 28, 19]
[0, 18]
[0, 23, 30]
[0, 4, 25, 30]
[0, 5, 26, 20, 21]
[0, 24, 30, 6, 1, 12]
[0, 26]
[0, 5, 15]
[0, 25, 8, 3]
[0, 4, 26, 25, 20]
[0, 18, 28, 24, 7, 11]
[0, 19]
[0, 12, 18]
[0, 19, 14, 8]
[0, 23, 12, 10, 3]
[0, 24, 13, 1, 18, 6]
[0, 7]
[0, 28, 22]
[0, 5, 28, 23]
[0, 14, 3, 24, 29]
[0, 17, 27, 11, 24, 3]
[0, 5]
[0, 4, 29]
[0, 17, 1, 8]
[0, 30, 14, 9, 19]
[0, 8, 23, 14, 19, 3]
[0, 30]
[0, 14, 4]
[0, 16, 14, 7]
[0, 8, 3, 11, 30]
[0, 27, 23, 7, 11, 16]
[0, 21]
[0, 22, 1]
[0, 20, 2, 10]
[0, 3, 12, 29, 20]
[0, 12, 3, 25, 27, 18]
[0, 19]
[0, 9, 5]
[0, 19, 22, 30]
[0, 15, 9, 21, 2]
[0, 19, 26, 11, 7, 1]
[0, 5]
[0, 11, 24]
[0, 20, 7, 15]
[0, 24, 30, 5, 15]
[0, 8, 15, 24, 5, 20]
[0, 6]
[0, 24, 13]
[0, 10, 17, 12]
[0, 1, 15, 23, 27]
[0, 24, 12, 1, 26, 19]
[0, 26]
[0, 3, 30]
[0, 30, 6, 12]
[0, 6, 17, 13, 1]
[0, 9, 30, 24, 11, 18]
[0, 3]
[0, 11, 1]
[0, 13, 26, 21]
[0, 7, 24, 16, 26]
[0, 18, 10, 30, 23, 4]
[0, 17]
[0, 28, 6]
[0, 5, 26, 9]
[0, 30, 14, 19, 3]
[0, 8, 13, 5, 19, 23]
[0, 1]
[0, 2, 9]
[0, 7, 3, 17]
[0, 6, 4, 30, 22]
[0, 16, 29, 4, 24, 12]
[0, 5]
[0, 3, 12]
[0, 23, 13, 8]
[0, 10, 27, 20, 21]
[0, 6, 3, 15, 21, 26]
[0, 21]
[0, 24, 29]
[0, 26, 7, 19]
[0, 4, 6, 14, 29]
[0, 28, 22, 12, 4, 8]
[0, 22]
[0, 5, 13]
[0, 24, 11, 28]
[0, 27, 12, 25, 19]
[0, 22, 15, 20, 1, 27]
[0, 26]
[0, 23, 17]
[0, 17, 21, 1]
[0, 25, 10, 18, 29]
[0, 25, 7, 1, 17, 26]
[0, 21]
[0, 14, 17]
[0, 6, 22, 11]
[0, 17, 5, 21, 28]
[0, 17, 15, 1, 7, 27]
[0, 5]
[0, 14, 19]
[0, 22, 29, 20]
[0, 20, 6, 22, 15]
[0, 13, 28, 9, 1, 21]
[0, 15]
[0, 4, 28]
[0, 28, 8, 16]
[0, 9, 5, 30, 17]
[0, 18, 11, 7, 25, 29]
[0, 2]
[0, 16, 3]
[0, 24, 28, 15]
[0, 30, 20, 22, 14]
[0, 27, 7, 20, 23, 1]
[0, 7]
[0, 29, 16]
[0, 8, 18, 27]
[0, 11, 10, 26, 3]
[0, 10, 11, 29, 24, 17]
[0, 22]
[0, 2, 21]
[0, 29, 14, 4]
[0, 11, 17, 21, 2]
[0, 24, 16, 9, 28, 5]
[0, 21]
[0, 23, 7]
[0, 24, 10, 2]
[0, 14, 16, 5, 8]
[0, 5, 12, 7, 20, 29]
[0, 11]
[0, 12, 1]
[0, 20, 3, 14]
[0, 17, 10, 1, 21]
[0, 28, 1, 14, 6, 23]
[0, 14]
[0, 10, 4]
[0, 2, 21, 11]
[0, 14, 18, 23, 2]
[0, 16, 5, 15, 7, 29]
[0, 20]
[0, 26, 2]
[0, 13, 18, 28]
[0, 12, 28, 2, 16]
[0, 17, 4, 29, 8, 23]
[0, 18]
[0, 24, 28]
[0, 10, 2, 19]
[0, 16, 21, 28, 6]
[0, 6, 1, 24, 15, 28]
[0, 20]
[0, 4, 25]
[0, 21, 28, 1]
[0, 25, 2, 6, 27]
[0, 18, 23, 29, 6, 14]
[0, 14]
[0, 18, 27]
[0, 19, 1, 12]
[0, 6, 19, 24, 30]
[0, 21, 3, 29, 7, 16]
[0, 11]
[0, 21, 15]
[0, 24, 16, 5]
[0, 24, 5, 8, 13]
[0, 13, 18, 7, 29, 23]
[0, 7]
[0, 4, 29]
[0, 2, 28, 22]
[0, 21, 12, 6, 4]
[0, 5, 15, 8, 30, 24]
[0, 13]
[0, 20, 15]
[0, 4, 11, 20]
[0, 1, 28, 16, 13]
[0, 23, 27, 9, 3, 15]
[0, 1]
[0, 17, 21]
[0, 24, 27, 9]
[0, 4, 26, 7, 23]
[0, 26, 22, 10, 19, 1]
[0, 8]
[0, 26, 21]
[0, 13, 9, 3]
[0, 25, 10, 16, 4]
[0, 25, 16, 2, 29, 14]
[0, 7]
[0, 28, 9]
[0, 24, 4, 13]
[0, 16, 23, 1, 28]
[0, 16, 21, 30, 7, 4]
[0, 14]
[0, 24, 19]
[0, 19, 10, 15]
[0, 5, 18, 15, 21]
[0, 6, 27, 20, 11, 5]
[0, 8]
[0, 19, 11]
[0, 13, 24, 8]
[0, 21, 30, 16, 7]
[0, 29, 15, 4, 16, 23]
[0, 8]
[0, 26, 25]
[0, 9, 29, 24]
[0, 26, 7, 16, 21]
[0, 10, 23, 4, 14, 18]
[0, 5]
[0, 1, 26]
[0, 14, 24, 1]
[0, 7, 24, 5, 14]
[0, 10, 21, 20, 3, 26]
[0, 12]
[0, 6, 22]
[0, 29, 14, 24]
[0, 4, 9, 17, 26]
[0, 28, 9, 4, 17, 21]
[0, 12]
[0, 30, 3]
[0, 13, 18, 25]
[0, 22, 4, 14, 10]
[0, 29, 2, 15, 21, 10]
[0, 5]
[0, 27, 2]
[0, 5, 13, 22]
[0, 11, 2, 9, 19]
[0, 15, 19, 24, 27, 3]
[0, 9]
[0, 16, 8]
[0, 7, 13, 24]
[0, 1, 20, 15, 29]
[0, 10, 17, 24, 3, 28]
[0, 6]
[0, 25, 16]
[0, 10, 5, 22]
[0, 8, 12, 25, 4]
[0, 5, 15, 19, 24, 8]
[0, 21]
[0, 8, 17]
[0, 13, 5, 21]
[0, 13, 28, 2, 23]
[0, 27, 14, 6, 5, 21]
[0, 9]
[0, 15, 5]
[0, 6, 18, 25]
[0, 19, 21, 10, 27]
[0, 25, 11, 1, 20, 10]
[0, 9]
[0, 13, 19]
[0, 17, 2, 12]
[0, 5, 19, 13, 21]
[0, 28, 22, 9, 4, 14]
[0, 28]
[0, 30, 25]
[0, 15, 6, 1]
[0, 26, 6, 24, 3]
[0, 12, 29, 23, 4, 19]
[0, 10]
[0, 14, 26]
[0, 16, 6, 13]
[0, 3, 13, 24, 27]
[0, 3, 13, 16, 6, 26]
[0, 5]
[0, 13, 28]
[0, 1, 10, 14]
[0, 21, 26, 18, 13]
[0, 2, 24, 8, 11, 26]
[0, 8]
[0, 5, 21]
[0, 4, 9, 11]
[0, 21, 6, 13, 30]
[0, 24, 11, 18, 28, 3]
[0, 1]
[0, 25, 12]
[0, 1, 28, 17]
[0, 14, 21, 10, 30]
[0, 13, 22, 20, 7, 29]
[0, 17]
[0, 2, 24]
[0, 10, 21, 27]
[0, 5, 19, 15, 9]
[0, 25, 28, 2, 12, 6]
[0, 5]
[0, 18, 1]
[0, 23, 6, 29]
[0, 8, 4, 28, 11]
[0, 10, 20, 15, 3, 22]
[0, 27]
[0, 12, 22]
[0, 20, 29, 7]
[0, 1, 20, 21, 28]
[0, 14, 2, 10, 27, 23]
[0, 10]
[0, 5, 6]
[0, 20, 12, 7]
[0, 21, 26, 15, 10]
[0, 8, 5, 11, 17, 23]
[0, 22]
[0, 4, 25]
[0, 2, 6, 20]
[0, 7, 11, 19, 28]
[0, 22, 27, 13, 7, 19]
[0, 27]
[0, 27, 20]
[0, 22, 11, 18]
[0, 5, 16, 9, 27]
[0, 23, 5, 12, 30, 18]
[0, 26]
[0, 25, 8]
[0, 23, 10, 11]
[0, 12, 3, 22, 17]
[0, 15, 20, 1, 22, 29]
[0, 10]
[0, 19, 7]
[0, 19, 12, 28]
[0, 5, 28, 7, 25]
[0, 25, 27, 20, 6, 13]
[0, 30]
[0, 12, 2]
[0, 2, 23, 29]
[0, 25, 7, 15, 28]
[0, 16, 22, 29, 14, 7]
[0, 16]
[0, 16, 23]
[0, 30, 11, 16]
[0, 1, 22, 29, 15]
[0, 20, 5, 21, 29, 10]
[0, 27]
[0, 6, 13]
[0, 15, 21, 20]
[0, 5, 19, 21, 7]
[0, 12, 25, 2, 19, 28]
[0, 20]
[0, 3, 16]
[0, 5, 27, 17]
[0, 2, 20, 6, 24]
[0, 16, 21, 3, 10, 14]
[0, 25]
[0, 5, 28]
[0, 28, 4, 9]
[0, 9, 1, 12, 27]
[0, 14, 8, 25, 29, 18]
[0, 7]
[0, 23, 3]
[0, 26, 3, 18]
[0, 23, 18, 30, 14]
[0, 22, 9, 30, 18, 1]
[0, 5]
[0, 1, 14]
[0, 16, 30, 23]
[0, 4, 13, 25, 10]
[0, 6, 4, 26, 18, 22]
[0, 4]
[0, 16, 22]
[0, 4, 29, 13]
[0, 6, 20, 1, 29]
[0, 23, 6, 12, 5, 16]
[0, 21]
[0, 7, 28]
[0, 5, 28, 24]
[0, 16, 11, 25, 29]
[0, 28, 4, 14, 21, 20]
[0, 9]
[0, 18, 9]
[0, 29, 18, 12]
[0, 17, 1, 6, 24]
[0, 12, 18, 28, 3, 21]
[0, 15]
[0, 23, 7]
[0, 28, 9, 13]
[0, 3, 17, 6, 15]
[0, 26, 11, 16, 5, 23]
[0, 27]
[0, 18, 6]
[0, 29, 19, 9]
[0, 22, 27, 10, 18]
[0, 26, 4, 9, 23, 20]
[0, 17]
[0, 20, 3]
[0, 15, 1, 6]
[0, 25, 5, 8, 12]
[0, 17, 4, 14, 28, 10]
[0, 5]
[0, 13, 23]
[0, 8, 11, 27]
[0, 15, 27, 1, 25]
[0, 28, 13, 4, 25, 17]
[0, 16]
[0, 26, 22]
[0, 23, 7, 1]
[0, 2, 27, 24, 15]
[0, 7, 13, 1, 20, 27]
[0, 19]
[0, 17, 30]
[0, 21, 14, 3]
[0, 6, 4, 11, 30]
[0, 9, 13, 1, 16, 28]
[0, 9]
[0, 24, 20]
[0, 21, 4, 8]
[0, 20, 26, 11, 25]
[0, 28, 19, 5, 10, 21]
[0, 8]
[0, 4, 10]
[0, 30, 16, 15]
[0, 19, 15, 25, 29]
[0, 4, 24, 26, 6, 11]
[0, 18]
[0, 21, 10]
[0, 21, 29, 12]
[0, 26, 2, 25, 13]
[0, 16, 5, 30, 13, 21]
[0, 12]
[0, 8, 29]
[0, 18, 13, 8]
[0, 1, 22, 26, 18]
[0, 22, 17, 14, 10, 30]
[0, 7]
[0, 11, 30]
[0, 13, 1, 10]
[0, 22, 30, 2, 12]
[0, 2, 25, 11, 20, 29]
[0, 3]
[0, 12, 28]
[0, 23, 4, 16]
[0, 18, 29, 15, 8]
[0, 18, 6, 30, 23, 5]
[0, 7]
[0, 21, 12]
[0, 17, 12, 21]
[0, 12, 10, 19, 27]
[0, 20, 22, 1, 8, 13]
[0, 6]
[0, 28, 25]
[0, 30, 20, 21]
[0, 28, 11, 9, 4]
[0, 14, 6, 26, 2, 18]
[0, 8]
[0, 7, 4]
[0, 28, 9, 14]
[0, 13, 2, 7, 16]
[0, 3, 25, 26, 13, 10]
[0, 27]
[0, 28, 11]
[0, 15, 8, 19]
[0, 22, 5, 18, 10]
[0, 30, 14, 19, 8, 22]
[0, 16]
[0, 26, 11]
[0, 30, 8, 19]
[0, 10, 30, 14, 1]
[0, 26, 12, 22, 19, 9]
[0, 7]
[0, 27, 5]
[0, 7, 27, 11]
[0, 21, 10, 5, 11]
[0, 4, 23, 30, 16, 7]
[0, 13]
[0, 28, 19]
[0, 18, 6, 21]
[0, 20, 3, 14, 28]
[0, 25, 20, 13, 6, 5]
[0, 18]
[0, 24, 15]
[0, 13, 29, 4]
[0, 27, 19, 7, 3]
[0, 23, 17, 14, 10, 3]
[0, 30]
[0, 8, 16]
[0, 9, 27, 12]
[0, 20, 11, 28, 9]
[0, 12, 22, 2, 27, 20]
[0, 23]
[0, 23, 3]
[0, 11, 17, 24]
[0, 29, 13, 20, 9]
[0, 15, 16, 10, 29, 4]
[0, 16]
[0, 14, 23]
[0, 10, 29, 1]
[0, 29, 23, 15, 10]
[0, 12, 2, 16, 27, 7]
[0, 23]
[0, 26, 6]
[0, 17, 14, 21]
[0, 13, 28, 16, 4]
[0, 29, 11, 20, 22, 1]
[0, 7]
[0, 11, 25]
[0, 21, 6, 20]
[0, 30, 13, 25, 6]
[0, 4, 20, 15, 7, 25]
[0, 17]
[0, 16, 30]
[0, 18, 3, 13]
[0, 22, 9, 30, 19]
[0, 15, 6, 4, 28, 21]
[0, 10]
[0, 4, 17]
[0, 8, 22, 13]
[0, 1, 21, 27, 14]
[0, 13, 19, 7, 28, 4]
[0, 11]
[0, 4, 13]
[0, 3, 8, 17]
[0, 2, 22, 13, 26]
[0, 22, 20, 2, 11, 26]
[0, 5]
[0, 13, 20]
[0, 14, 5, 23]
[0, 19, 11, 6, 3]
[0, 19, 5, 23, 29, 8]
[0, 14]
[0, 7, 27]
[0, 16, 11, 10]
[0, 19, 8, 28, 11]
[0, 3, 10, 19, 11, 28]
[0, 7]
[0, 12, 5]
[0, 30, 3, 25]
[0, 20, 9, 4, 27]
[0, 16, 26, 14, 3, 8]
[0, 9]
[0, 27, 3]
[0, 19, 13, 22]
[0, 11, 8, 18, 28]
[0, 23, 17, 30, 14, 4]
[0, 13]
[0, 29, 5]
[0, 20, 13, 8]
[0, 25, 16, 30, 5]
[0, 28, 18, 24, 5, 7]
[0, 19]
[0, 7, 19]
[0, 25, 28, 11]
[0, 26, 17, 9, 1]
[0, 17, 30, 2, 25, 6]
[0, 18]
[0, 4, 25]
[0, 27, 21, 11]
[0, 2, 15, 17, 26]
[0, 17, 25, 15, 9, 28]
[0, 30]
[0, 24, 11]
[0, 5, 12, 17]
[0, 9, 20, 30, 24]
[0, 20, 25, 12, 2, 6]
[0, 23]
[0, 4, 20]
[0, 9, 15, 3]
[0, 14, 23, 3, 29]
[0, 10, 28, 16, 15, 5]
[0, 10]
[0, 4, 9]
[0, 24, 27, 7]
[0, 4, 15, 22, 9]
[0, 6, 4, 13, 21, 20]
[0, 25]
[0, 10, 25]
[0, 16, 3, 6]
[0, 18, 11, 7, 3]
[0, 1, 12, 25, 9, 30]
[0, 24]
[0, 22, 20]
[0, 27, 13, 5]
[0, 6, 30, 16, 22]
[0, 5, 27, 25, 17, 8]
[0, 9]
[0, 1, 7]
[0, 3, 27, 14]
[0, 3, 21, 19, 8]
[0, 3, 28, 14, 19, 22]
[0, 6]
[0, 15, 7]
[0, 1, 30, 22]
[0, 16, 28, 24, 5]
[0, 29, 1, 20, 22, 14]
[0, 6]
[0, 21, 19]
[0, 7, 5, 21]
[0, 5, 12, 19, 22]
[0, 12, 10, 27, 3, 23]
[0, 25]
[0, 21, 6]
[0, 25, 16, 7]
[0, 6, 2, 28, 25]
[0, 15, 17, 22, 29, 8]
[0, 24]
[0, 29, 17]
[0, 9, 17, 3]
[0, 9, 18, 23, 1]
[0, 30, 24, 6, 15, 3]
[0, 3]
[0, 29, 11]
[0, 8, 28, 22]
[0, 23, 30, 15, 18]
[0, 5, 27, 6, 11, 23]
[0, 16]
[0, 2, 9]
[0, 7, 5, 27]
[0, 24, 14, 9, 30]
[0, 29, 18, 21, 12, 2]
[0, 21]
[0, 8, 14]
[0, 17, 4, 22]
[0, 18, 28, 10, 13]
[0, 4, 30, 19, 11, 22]
[0, 9]
[0, 17, 11]
[0, 20, 26, 13]
[0, 24, 4, 19, 28]
[0, 24, 1, 26, 13, 10]
[0, 7]
[0, 30, 7]
[0, 2, 8, 23]
[0, 30, 23, 5, 14]
[0, 4, 23, 8, 28, 16]
[0, 11]
[0, 19, 27]
[0, 2, 21, 8]
[0, 6, 22, 5, 20]
[0, 1, 21, 7, 30, 15]
[0, 6]
[0, 19, 28]
[0, 14, 20, 22]
[0, 14, 30, 5, 19]
[0, 26, 3, 15, 25, 18]
[0, 23]
[0, 16, 3]
[0, 15, 29, 4]
[0, 5, 15, 20, 7]
[0, 3, 8, 26, 15, 19]
[0, 28]
[0, 27, 20]
[0, 19, 5, 9]
[0, 24, 15, 8, 29]
[0, 4, 21, 18, 27, 9]
[0, 14]
[0, 9, 29]
[0, 1, 14, 30]
[0, 9, 26, 16, 3]
[0, 15, 28, 23, 20, 2]
[0, 4]
[0, 16, 9]
[0, 20, 11, 29]
[0, 17, 23, 6, 2]
[0, 8, 27, 22, 3, 12]
[0, 28]
[0, 14, 8]
[0, 11, 3, 21]
[0, 26, 19, 3, 14]
[0, 27, 7, 19, 5, 13]
[0, 28]
[0, 13, 27]
[0, 26, 5, 18]
[0, 1, 14, 23, 9]
[0, 9, 3, 12, 19, 24]
[0, 20]
[0, 20, 27]
[0, 29, 4, 18]
[0, 30, 20, 6, 25]
[0, 24, 12, 4, 8, 16]
[0, 29]
[0, 21, 15]
[0, 19, 21, 26]
[0, 25, 1, 13, 6]
[0, 27, 22, 10, 14, 1]
[0, 3]
[0, 29, 12]
[0, 5, 23, 19]
[0, 30, 13, 4, 9]
[0, 22, 7, 16, 12, 28]
[0, 8]
[0, 17, 26]
[0, 28, 6, 11]
[0, 26, 16, 11, 1]
[0, 12, 7, 23, 28, 3]
[0, 10]
[0, 28, 22]
[0, 5, 11, 27]
[0, 7, 27, 20, 12]
[0, 5, 9, 20, 25, 15]
[0, 28]
[0, 25, 6]
[0, 20, 21, 3]
[0, 17, 3, 14, 29]
[0, 8, 12, 2, 16, 23]
[0, 14]
[0, 5, 27]
[0, 13, 5, 10]
[0, 22, 2, 12, 27]
[0, 20, 5, 23, 7, 27]
[0, 18]
[0, 19, 11]
[0, 23, 29, 14]
[0, 7, 5, 22, 29]
[0, 17, 5, 29, 25, 7]
[0, 3]
[0, 19, 28]
[0, 21, 2, 29]
[0, 21, 30, 15, 6]
[0, 22, 29, 1, 8, 16]
[0, 11]
[0, 4, 6]
[0, 19, 13, 10]
[0, 28, 14, 10, 23]
[0, 17, 24, 8, 30, 11]
[0, 2]
[0, 11, 21]
[0, 6, 28, 15]
[0, 3, 13, 17, 23]
[0, 5, 17, 13, 6, 24]
[0, 30]
[0, 22, 12]
[0, 15, 9, 29]
[0, 1, 6, 16, 25]
[0, 3, 19, 21, 29, 12]
[0, 3]
[0, 17, 13]
[0, 6, 11, 3]
[0, 17, 9, 24, 15]
[0, 24, 28, 14, 5, 10]
[0, 22]
[0, 1, 14]
[0, 24, 2, 28]
[0, 15, 6, 1, 19]
[0, 16, 7, 11, 23, 28]
[0, 29]
[0, 1, 15]
[0, 21, 6, 14]
[0, 15, 30, 5, 23]
[0, 3, 15, 19, 9, 23]
[0, 11]
[0, 19, 21]
[0, 23, 5, 14]
[0, 16, 5, 14, 23]
[0, 12, 30, 21, 9, 5]
[0, 25]
[0, 15, 10]
[0, 4, 10, 30]
[0, 30, 8, 22, 20]
[0, 23, 28, 15, 20, 6]
[0, 4]
[0, 28, 13]
[0, 4, 19, 15]
[0, 18, 3, 25, 26]
[0, 1, 6, 18, 22, 15]
[0, 21]
[0, 16, 4]
[0, 5, 12, 16]
[0, 21, 26, 16, 10]
[0, 21, 3, 6, 13, 27]
[0, 21]
[0, 16, 12]
[0, 10, 23, 5]
[0, 9, 15, 4, 30]
[0, 17, 23, 4, 27, 8]
[0, 16]
[0, 14, 30]
[0, 14, 22, 4]
[0, 20, 7, 2, 24]
[0, 15, 27, 20, 3, 6]
[0, 6]
[0, 15, 22]
[0, 10, 22, 15]
[0, 5, 26, 17, 7]
[0, 26, 10, 23, 15, 3]
[0, 26]
[0, 11, 5]
[0, 8, 17, 15]
[0, 28, 14, 6, 5]
[0, 24, 19, 29, 8, 1]
[0, 17]
[0, 21, 20]
[0, 30, 11, 3]
[0, 9, 27, 21, 19]
[0, 2, 18, 6, 24, 15]
[0, 16]
[0, 30, 18]
[0, 26, 1, 14]
[0, 22, 26, 17, 8]
[0, 14, 23, 10, 4, 17]
[0, 29]
[0, 6, 1]
[0, 23, 10, 26]
[0, 2, 20, 22, 28]
[0, 4, 18, 30, 13, 6]
[0, 26]
[0, 8, 12]
[0, 23, 10, 4]
[0, 15, 10, 16, 29]
[0, 29, 17, 22, 12, 3]
[0, 17]
[0, 2, 8]
[0, 7, 15, 18]
[0, 29, 8, 18, 12]
[0, 27, 16, 24, 9, 5]
[0, 5]
[0, 12, 27]
[0, 28, 6, 2]
[0, 2, 14, 7, 16]
[0, 24, 1, 12, 17, 29]
[0, 4]
[0, 1, 27]
[0, 29, 5, 10]
[0, 16, 6, 22, 30]
[0, 7, 1, 19, 23, 11]
[0, 19]
[0, 25, 12]
[0, 8, 2, 23]
[0, 6, 19, 25, 2]
[0, 17, 12, 3, 28, 24]
[0, 18]
[0, 6, 25]
[0, 1, 14, 28]
[0, 29, 11, 6, 4]
[0, 17, 3, 15, 7, 30]
[0, 26]
[0, 22, 2]
[0, 21, 17, 7]
[0, 13, 2, 19, 8]
[0, 15, 4, 22, 26, 20]
[0, 20]
[0, 28, 13]
[0, 17, 6, 4]
[0, 21, 26, 1, 19]
[0, 18, 10, 27, 13, 23]
[0, 21]
[0, 18, 7]
[0, 20, 15, 8]
[0, 9, 13, 18, 24]
[0, 10, 26, 2, 13, 19]
[0, 22]
[0, 8, 19]
[0, 23, 30, 11]
[0, 24, 4, 7, 30]
[0, 1, 23, 14, 9, 18]
[0, 6]
[0, 25, 3]
[0, 8, 18, 15]
[0, 19, 4, 8, 24]
[0, 7, 30, 3, 25, 12]
[0, 20]
[0, 12, 26]
[0, 26, 13, 22]
[0, 1, 27, 6, 13]
[0, 7, 13, 18, 26, 3]
[0, 10]
[0, 19, 11]
[0, 7, 1, 27]
[0, 11, 7, 27, 5]
[0, 26, 20, 24, 7, 4]
[0, 16]
[0, 21, 14]
[0, 13, 23, 20]
[0, 17, 3, 8, 15]
[0, 7, 12, 17, 30, 1]
[0, 20]
[0, 22, 10]
[0, 11, 20, 10]
[0, 28, 18, 7, 25]
[0, 1, 27, 12, 17, 24]
[0, 11]
[0, 13, 28]
[0, 12, 3, 7]
[0, 23, 6, 11, 28]
[0, 27, 7, 21, 14, 2]
[0, 30]
[0, 23, 11]
[0, 23, 20, 1]
[0, 30, 21, 18, 5]
[0, 6, 30, 23, 17, 2]
[0, 17]
[0, 21, 1]
[0, 20, 14, 5]
[0, 26, 23, 16, 11]
[0, 9, 26, 5, 13, 17]
[0, 2]
[0, 6, 19]
[0, 3, 10, 20]
[0, 20, 2, 25, 14]
[0, 6, 12, 3, 22, 17]
[0, 8]
[0, 27, 21]
[0, 26, 7, 11]
[0, 4, 16, 29, 7]
[0, 6, 12, 19, 30, 21]
[0, 23]
[0, 12, 3]
[0, 16, 12, 25]
[0, 23, 10, 26, 1]
[0, 10, 13, 3, 23, 27]
[0, 23]
[0, 28, 19]
[0, 9, 28, 15]
[0, 19, 22, 27, 12]
[0, 22, 3, 9, 19, 12]
[0, 11]
[0, 5, 11]
[0, 8, 4, 21]
[0, 27, 9, 16, 14]
[0, 9, 3, 23, 28, 20]
[0, 15]
[0, 25, 27]
[0, 2, 6, 25]
[0, 16, 11, 24, 30]
[0, 7, 26, 18, 5, 24]
[0, 25]
[0, 10, 23]
[0, 22, 20, 2]
[0, 15, 8, 26, 3]
[0, 12, 17, 23, 4, 8]
[0, 9]
[0, 24, 8]
[0, 26, 4, 19]
[0, 12, 21, 5, 6]
[0, 22, 20, 2, 12, 7]
[0, 25]
[0, 21, 15]
[0, 7, 18, 26]
[0, 20, 2, 9, 27]
[0, 15, 5, 19, 29, 8]
[0, 13]
[0, 13, 3]
[0, 25, 26, 19]
[0, 28, 22, 18, 9]
[0, 14, 27, 20, 8, 2]
[0, 25]
[0, 18, 30]
[0, 20, 2, 24]
[0, 30, 3, 25, 11]
[0, 28, 21, 8, 13, 18]
[0, 19]
[0, 26, 20]
[0, 22, 6, 17]
[0, 14, 9, 29, 25]
[0, 17, 24, 8, 11, 26]
[0, 2]
[0, 11, 19]
[0, 8, 23, 16]
[0, 2, 8, 23, 27]
[0, 16, 3, 21, 12, 6]
[0, 17]
[0, 18, 6]
[0, 24, 8, 14]
[0, 12, 10, 1, 20]
[0, 20, 25, 2, 7, 11]
[0, 1]
[0, 5, 9]
[0, 24, 11, 29]
[0, 1, 10, 17, 23]
[0, 10, 22, 30, 5, 15]
[0, 22]
[0, 15, 10]
[0, 15, 27, 24]
[0, 25, 10, 1, 29]
[0, 4, 18, 6, 12, 27]
[0, 17]
[0, 21, 29]
[0, 2, 9, 11]
[0, 15, 23, 4, 29]
[0, 7, 27, 16, 15, 5]
[0, 25]
[0, 12, 1]
[0, 22, 12, 20]
[0, 14, 20, 1, 25]
[0, 26, 19, 21, 4, 9]
[0, 19]
[0, 28, 13]
[0, 27, 11, 2]
[0, 30, 17, 1, 8]
[0, 5, 30, 18, 6, 24]
[0, 7]
[0, 12, 25]
[0, 9, 27, 1]
[0, 18, 10, 2, 27]
[0, 23, 18, 7, 29, 13]
[0, 29]
[0, 4, 30]
[0, 25, 8, 29]
[0, 30, 7, 5, 12]
[0, 1, 22, 7, 13, 17]
[0, 4]
[0, 19, 26]
[0, 18, 22, 4]
[0, 24, 14, 8, 17]
[0, 18, 11, 2, 24, 7]
[0, 10]
[0, 13, 26]
[0, 16, 30, 4]
[0, 27, 12, 8, 3]
[0, 26, 10, 15, 2, 24]
[0, 25]
[0, 23, 10]
[0, 25, 11, 18]
[0, 4, 11, 23, 7]
[0, 25, 13, 20, 28, 7]
[0, 21]
[0, 5, 10]
[0, 16, 3, 22]
[0, 15, 21, 2, 30]
[0, 26, 1, 17, 13, 25]
[0, 29]
[0, 13, 28]
[0, 4, 22, 15]
[0, 19, 30, 5, 6]
[0, 7, 22, 4, 20, 12]
[0, 16]
[0, 3, 24]
[0, 27, 12, 3]
[0, 20, 13, 25, 27]
[0, 29, 1, 6, 14, 19]
[0, 4]
[0, 16, 5]
[0, 5, 21, 26]
[0, 16, 8, 21, 28]
[0, 17, 6, 24, 2, 13]
[0, 13]
[0, 20, 27]
[0, 5, 14, 29]
[0, 1, 23, 16, 11]
[0, 27, 13, 8, 4, 25]
[0, 16]
[0, 29, 7]
[0, 18, 11, 26]
[0, 10, 30, 12, 4]
[0, 29, 21, 9, 13, 20]
[0, 20]
[0, 13, 27]
[0, 21, 1, 9]
[0, 5, 14, 29, 20]
[0, 18, 11, 30, 7, 3]
[0, 17]
[0, 23, 18]
[0, 25, 17, 15]
[0, 5, 11, 19, 29]
[0, 3, 24, 11, 18, 30]
[0, 24]
[0, 8, 1]
[0, 9, 30, 5]
[0, 22, 20, 4, 29]
[0, 24, 4, 26, 20, 15]
[0, 16]
[0, 30, 7]
[0, 19, 7, 12]
[0, 9, 16, 1, 28]
[0, 30, 3, 6, 15, 22]
[0, 9]
[0, 13, 7]
[0, 9, 29, 3]
[0, 16, 1, 27, 12]
[0, 24, 3, 11, 19, 30]
[0, 24]
[0, 16, 6]
[0, 20, 9, 26]
[0, 1, 22, 17, 30]
[0, 22, 28, 13, 7, 16]
[0, 15]
[0, 18, 3]
[0, 9, 21, 30]
[0, 7, 11, 3, 27]
[0, 5, 29, 14, 24, 10]
[0, 27]
[0, 26, 17]
[0, 8, 11, 17]
[0, 2, 12, 30, 8]
[0, 11, 8, 2, 26, 20]
[0, 19]
[0, 1, 28]
[0, 17, 3, 30]
[0, 16, 3, 13, 24]
[0, 15, 3, 17, 29, 22]
[0, 11]
[0, 26, 23]
[0, 19, 4, 15]
[0, 26, 3, 21, 9]
[0, 14, 8, 20, 24, 30]
[0, 6]
[0, 30, 5]
[0, 2, 28, 23]
[0, 5, 12, 16, 26]
[0, 16, 21, 8, 13, 28]
[0, 30]
[0, 1, 21]
[0, 20, 21, 30]
[0, 22, 28, 12, 10]
[0, 30, 18, 22, 5, 13]
[0, 16]
[0, 27, 20]
[0, 12, 21, 1]
[0, 24, 18, 12, 2]
[0, 4, 8, 15, 26, 16]
[0, 25]
[0, 5, 16]
[0, 4, 7, 29]
[0, 28, 20, 13, 25]
[0, 30, 13, 23, 16, 5]
[0, 7]
[0, 25, 15]
[0, 14, 19, 26]
[0, 28, 21, 13, 2]
[0, 24, 28, 12, 3, 20]
[0, 21]
[0, 28, 21]
[0, 27, 14, 5]
[0, 26, 23, 9, 15]
[0, 6, 27, 24, 19, 13]
[0, 16]
[0, 12, 30]
[0, 27, 22, 14]
[0, 26, 11, 20, 22]
[0, 10, 26, 16, 24, 5]
[0, 24]
[0, 29, 21]
[0, 17, 30, 11]
[0, 1, 28, 8, 16]
[0, 5, 14, 20, 21, 9]
[0, 4]
[0, 30, 9]
[0, 1, 15, 22]
[0, 21, 19, 11, 3]
[0, 30, 15, 18, 25, 6]
[0, 7]
[0, 14, 10]
[0, 20, 1, 30]
[0, 19, 6, 28, 21]
[0, 19, 9, 26, 11, 5]
[0, 7]
[0, 20, 21]
[0, 5, 12, 19]
[0, 22, 18, 28, 6]
[0, 23, 5, 8, 11, 26]
[0, 11]
[0, 24, 11]
[0, 19, 21, 10]
[0, 15, 17, 4, 25]
[0, 30, 2, 25, 11, 9]
[0, 16]
[0, 27, 5]
[0, 24, 16, 12]
[0, 22, 6, 20, 14]
[0, 24, 27, 12, 20, 2]
[0, 13]
[0, 16, 27]
[0, 20, 4, 22]
[0, 30, 25, 9, 19]
[0, 24, 7, 13, 29, 19]
[0, 19]
[0, 18, 2]
[0, 28, 12, 1]
[0, 26, 5, 21, 18]
[0, 18, 27, 25, 13, 3]
[0, 23]
[0, 26, 14]
[0, 18, 4, 12]
[0, 27, 12, 24, 20]
[0, 3, 16, 24, 29, 10]
[0, 21]
[0, 6, 2]
[0, 28, 14, 7]
[0, 25, 13, 9, 5]
[0, 22, 5, 14, 16, 27]
[0, 1]
[0, 12, 17]
[0, 5, 13, 26]
[0, 9, 15, 20, 27]
[0, 20, 15, 21, 6, 1]
[0, 12]
[0, 25, 16]
[0, 26, 3, 22]
[0, 28, 3, 22, 9]
[0, 1, 26, 13, 18, 24]
[0, 1]
[0, 3, 25]
[0, 11, 9, 16]
[0, 29, 10, 3, 12]
[0, 17, 13, 2, 25, 29]
[0, 28]
[0, 18, 9]
[0, 10, 22, 5]
[0, 2, 8, 29, 16]
[0, 15, 7, 19, 2, 24]
[0, 19]
[0, 21, 12]
[0, 28, 8, 2]
[0, 15, 1, 6, 23]
[0, 27, 12, 17, 7, 2]
[0, 26]
[0, 18, 30]
[0, 27, 6, 20]
[0, 17, 3, 9, 21]
[0, 8, 13, 1, 18, 29]
[0, 27]
[0, 10, 25]
[0, 16, 30, 22]
[0, 7, 13, 29, 5]
[0, 1, 19, 7, 14, 25]
[0, 17]
[0, 8, 19]
[0, 11, 2, 16]
[0, 18, 21, 6, 14]
[0, 3, 16, 15, 27, 10]
[0, 20]
[0, 1, 30]
[0, 4, 27, 25]
[0, 1, 29, 8, 14]
[0, 23, 27, 15, 1, 10]
[0, 25]
[0, 17, 5]
[0, 20, 27, 24]
[0, 14, 8, 1, 20]
[0, 29, 9, 4, 12, 20]
[0, 1]
[0, 19, 30]
[0, 29, 11, 19]
[0, 3, 28, 14, 8]
[0, 27, 13, 18, 9, 2]
[0, 2]
[0, 30, 14]
[0, 7, 27, 15]
[0, 29, 1, 15, 18]
[0, 24, 20, 11, 8, 30]
[0, 15]
[0, 21, 7]
[0, 29, 3, 17]
[0, 11, 3, 27, 18]
[0, 23, 19, 5, 28, 6]
[0, 11]
[0, 25, 17]
[0, 24, 26, 18]
[0, 10, 3, 30, 13]
[0, 11, 2, 27, 18, 23]
[0, 23]
[0, 23, 2]
[0, 10, 16, 4]
[0, 30, 8, 3, 23]
[0, 3, 27, 18, 10, 14]
[0, 25]
[0, 14, 16]
[0, 4, 29, 17]
[0, 25, 10, 20, 1]
[0, 3, 21, 14, 30, 16]
[0, 27]
[0, 1, 19]
[0, 22, 10, 3]
[0, 2, 20, 30, 14]
[0, 15, 21, 27, 2, 16]
[0, 10]
[0, 23, 27]
[0, 6, 15, 19]
[0, 12, 22, 9, 4]
[0, 4, 6, 13, 26, 18]
[0, 12]
[0, 21, 5]
[0, 15, 8, 23]
[0, 26, 20, 12, 2]
[0, 16, 15, 2, 29, 9]
[0, 29]
[0, 30, 4]
[0, 26, 22, 6]
[0, 7, 13, 22, 26]
[0, 17, 10, 12, 25, 27]
[0, 9]
[0, 3, 10]
[0, 25, 17, 9]
[0, 6, 17, 14, 30]
[0, 14, 26, 7, 25, 20]
[0, 19]
[0, 15, 24]
[0, 16, 10, 24]
[0, 15, 18, 23, 3]
[0, 11, 18, 4, 27, 7]
[0, 13]
[0, 2, 29]
[0, 19, 26, 6]
[0, 13, 4, 19, 9]
[0, 4, 20, 21, 10, 29]
[0, 29]
[0, 1, 9]
[0, 15, 2, 21]
[0, 3, 21, 13, 26]
[0, 16, 13, 10, 28, 2]
[0, 28]
[0, 28, 11]
[0, 20, 8, 22]
[0, 23, 13, 6, 29]
[0, 11, 19, 3, 23, 10]
[0, 5]
[0, 17, 13]
[0, 21, 4, 11]
[0, 3, 11, 22, 29]
[0, 14, 28, 3, 8, 17]
[0, 17]
[0, 16, 29]
[0, 9, 27, 14]
[0, 26, 23, 6, 17]
[0, 14, 2, 7, 30, 18]
[0, 8]
[0, 3, 8]
[0, 5, 22, 13]
[0, 24, 28, 8, 17]
[0, 23, 3, 7, 19, 30]
[0, 23]
[0, 19, 22]
[0, 2, 14, 21]
[0, 6, 3, 24, 15]
[0, 28, 2, 15, 16, 8]
[0, 12]
[0, 11, 3]
[0, 3, 16, 7]
[0, 5, 30, 16, 22]
[0, 10, 18, 3, 12, 30]
[0, 21]
[0, 18, 23]
[0, 7, 28, 21]
[0, 20, 11, 5, 6]
[0, 13, 3, 24, 27, 8]
[0, 20]
[0, 15, 1]
[0, 9, 1, 29]
[0, 13, 20, 3, 10]
[0, 24, 16, 13, 4, 8]
[0, 11]
[0, 30, 12]
[0, 27, 17, 22]
[0, 22, 14, 29, 20]
[0, 18, 8, 21, 2, 14]
[0, 17]
[0, 3, 9]
[0, 2, 23, 15]
[0, 9, 28, 22, 12]
[0, 8, 5, 19, 14, 29]
[0, 24]
[0, 28, 16]
[0, 7, 15, 24]
[0, 20, 22, 5, 9]
[0, 29, 15, 10, 18, 2]
[0, 3]
[0, 18, 30]
[0, 5, 17, 29]
[0, 9, 14, 25, 17]
[0, 5, 16, 7, 14, 26]
[0, 15]
[0, 8, 4]
[0, 30, 12, 8]
[0, 7, 2, 20, 23]
[0, 17, 15, 27, 6, 22]
[0, 27]
[0, 1, 29]
[0, 6, 11, 4]
[0, 23, 19, 9, 28]
[0, 16, 23, 15, 9, 4]
[0, 23]
[0, 30, 12]
[0, 22, 4, 30]
[0, 11, 21, 3, 6]
[0, 8, 24, 27, 15, 19]
[0, 5]
[0, 27, 5]
[0, 24, 9, 3]
[0, 29, 23, 13, 7]
[0, 27, 22, 17, 1, 7]
[0, 12]
[0, 13, 10]
[0, 12, 29, 2]
[0, 10, 30, 3, 12]
[0, 6, 24, 29, 15, 4]
[0, 12]
[0, 7, 24]
[0, 1, 8, 23]
[0, 29, 4, 23, 15]
[0, 13, 5, 27, 22, 9]
[0, 12]
[0, 9, 13]
[0, 30, 6, 21]
[0, 18, 30, 11, 25]
[0, 22, 19, 1, 11, 26]
[0, 14]
[0, 3, 6]
[0, 13, 7, 23]
[0, 28, 14, 9, 16]
[0, 13, 4, 27, 19, 8]
[0, 17]
[0, 16, 10]
[0, 26, 6, 23]
[0, 28, 20, 1, 23]
[0, 6, 30, 25, 2, 12]
[0, 5]
[0, 18, 8]
[0, 28, 12, 25]
[0, 18, 26, 11, 7]
[0, 4, 16, 9, 22, 26]
[0, 11]
[0, 21, 2]
[0, 8, 20, 24]
[0, 11, 10, 21, 20]
[0, 10, 23, 20, 11, 5]
[0, 6]
[0, 6, 28]
[0, 17, 22, 26]
[0, 24, 18, 5, 13]
[0, 27, 19, 14, 25, 10]
[0, 24]
[0, 7, 19]
[0, 22, 14, 7]
[0, 5, 25, 6, 16]
[0, 20, 4, 22, 7, 27]
[0, 27]
[0, 16, 2]
[0, 30, 25, 7]
[0, 8, 18, 11, 24]
[0, 19, 25, 2, 27, 13]
[0, 5]
[0, 2, 11]
[0, 23, 6, 26]
[0, 2, 6, 29, 24]
[0, 18, 10, 12, 22, 27]
[0, 1]
[0, 12, 7]
[0, 26, 3, 21]
[0, 30, 9, 17, 2]
[0, 21, 6, 15, 29, 5]
[0, 3]
[0, 6, 4]
[0, 23, 17, 6]
[0, 15, 20, 30, 21]
[0, 26, 16, 13, 21, 3]
[0, 28]
[0, 1, 10]
[0, 7, 29, 16]
[0, 27, 19, 8, 3]
[0, 9, 27, 2, 15, 25]
[0, 20]
[0, 20, 7]
[0, 26, 3, 12]
[0, 28, 23, 17, 13]
[0, 2, 21, 11, 16, 10]
[0, 15]
[0, 7, 18]
[0, 24, 13, 9]
[0, 3, 8, 25, 12]
[0, 14, 29, 19, 25, 6]
[0, 4]
[0, 7, 28]
[0, 2, 22, 12]
[0, 27, 11, 23, 19]
[0, 12, 3, 30, 22, 16]
[0, 4]
[0, 11, 9]
[0, 19, 2, 14]
[0, 1, 18, 25, 15]
[0, 29, 12, 25, 17, 1]
[0, 3]
[0, 14, 6]
[0, 8, 20, 1]
[0, 25, 11, 9, 26]
[0, 30, 11, 8, 3, 23]
[0, 24]
[0, 24, 10]
[0, 30, 19, 8]
[0, 5, 21, 9, 17]
[0, 27, 20, 3, 12, 21]
[0, 6]
[0, 3, 28]
[0, 25, 6, 4]
[0, 21, 18, 3, 28]
[0, 8, 20, 30, 3, 11]
[0, 22]
[0, 22, 2]
[0, 29, 12, 6]
[0, 1, 21, 30, 13]
[0, 29, 15, 6, 24, 19]
[0, 24]
[0, 13, 2]
[0, 28, 15, 10]
[0, 23, 11, 8, 18]
[0, 30, 21, 13, 19, 5]
[0, 17]
[0, 13, 7]
[0, 2, 13, 10]
[0, 22, 11, 6, 18]
[0, 14, 20, 23, 1, 9]
[0, 14]
[0, 5, 26]
[0, 5, 15, 23]
[0, 18, 25, 1, 15]
[0, 20, 7, 5, 23, 12]
[0, 1]
[0, 24, 28]
[0, 11, 23, 20]
[0, 12, 3, 23, 28]
[0, 7, 5, 25, 16, 26]
[0, 18]
[0, 24, 7]
[0, 1, 30, 20]
[0, 25, 20, 13, 29]
[0, 7, 1, 13, 27, 25]
[0, 27]
[0, 22, 13]
[0, 21, 5, 10]
[0, 16, 11, 27, 4]
[0, 21, 1, 7, 17, 29]
[0, 18]
[0, 18, 10]
[0, 28, 10, 22]
[0, 8, 15, 3, 26]
[0, 7, 20, 11, 25, 30]
[0, 4]
[0, 22, 28]
[0, 15, 3, 22]
[0, 18, 6, 23, 29]
[0, 13, 4, 18, 30, 23]
