[0.18161146403455372, 0.0690290789763776, 0.7055498288782238, 0.04380962811084479]
[0.20684571044981484, 0.1381372447473641, 0.08563404700778489, 0.03843854826707399, 0.5309444495279622]
[0.12302582645351194, 0.35976720457382844, 0.0657950428454745, 0.3346142207611815, 0.08561734166266846, 0.031180363703335066]
[0.11373855813145031, 0.023300433540432985, 0.8360784082374767, 0.02688260009064007]
[0.15777746260462852, 0.08205709117118563, 0.33518243415537496, 0.33769923715563466, 0.08728377491317632]
[0.09715434411393295, 0.012460209603019553, 0.021180563423216274, 0.6019528066169741, 0.23959745234186816, 0.027654623900988894]
[0.30992301790432175, 0.07882419440705367, 0.14384954882024995, 0.46740323886837454]
[0.24873748520181946, 0.16019676361820304, 0.3963476704016949, 0.09956621770312363, 0.09515186307515908]
[0.11818865288118882, 0.09722510698658063, 0.06731353192050565, 0.030300164756351795, 0.36510763001348995, 0.32186491344188317]
[0.09701137356798599, 0.27934870435344894, 0.4062237941127973, 0.2174161279657677]
[0.10616237684252372, 0.32293676542204747, 0.41241593430984375, 0.15191732158325763, 0.006567601842327303]
[0.11090318035824942, 0.2702027509645918, 0.05110446796563607, 0.11837487989090294, 0.07306325614456202, 0.3763514646760578]
[0.138121435277047, 0.7013011078238958, 0.0346454226762732, 0.125932034222784]
[0.09437434288861317, 0.08068396179538576, 0.03642761166164964, 0.7785104252390939, 0.010003658415257636]
[0.17785392856363283, 0.018715063978179285, 0.020311279209930033, 0.027036064491669034, 0.5724793904181973, 0.18360427333839163]
[0.17818616943862833, 0.6966029858433919, 0.04135267865944038, 0.08385816605853945]
[0.23232593355931955, 0.10629281874452369, 0.11846451489417553, 0.10718801680913362, 0.4357287159928476]
[0.07945118987687877, 0.015165531589437517, 0.008792380761765512, 0.03972348601630836, 0.8468008877395459, 0.010066524016063914]
[0.37190875674083324, 0.22271344113935632, 0.1781912259427474, 0.22718657617706298]
[0.27525995488146204, 0.13344967723336326, 0.2025010390324721, 0.35421258140829887, 0.03457674744440363]
[0.09797633518789572, 0.3640074152032404, 0.22780054901045477, 0.22902413405335953, 0.028249514476795846, 0.05294205206825363]
[0.18028391530810814, 0.22324446769096387, 0.1462260991155564, 0.45024551788537154]
[0.2111052564626969, 0.5360289649200868, 0.07931894356504857, 0.03749373170687478, 0.13605310334529297]
[0.20066208808642494, 0.10593939094363446, 0.13748408585105593, 0.37079403853010584, 0.15093875349162195, 0.03418164309715671]
[0.07835554142606406, 0.05232059209306481, 0.17815347130860787, 0.6911703951722632]
[0.2986097104421737, 0.23390637883027607, 0.13574469577132625, 0.18151555802812627, 0.15022365692809778]
[0.11765015967544497, 0.08954105753242163, 0.442734184045379, 0.2847747739009438, 0.05792898245617112, 0.007370842389639392]
[0.17705421297675702, 0.09979844653423003, 0.10941870138737829, 0.6137286391016346]
[0.10944383616235667, 0.10820838969409818, 0.029595682118823192, 0.6475936743412445, 0.10515841768347743]
[0.11985852858466291, 0.6650660559388517, 0.0256691273736428, 0.06331880252924821, 0.05788332120660095, 0.06820416436699361]
[0.26711824757477004, 0.04240810180874924, 0.6370567721747432, 0.0534168784417374]
[0.14864394010982918, 0.04928344434028891, 0.03828238815885253, 0.33202327512450086, 0.4317669522665285]
[0.07417496991027242, 0.6681115532007401, 0.024999602531167973, 0.2211395930931629, 0.0030137905832359844, 0.008560490681420807]
[0.23138907744860704, 0.15850230858156752, 0.5022641280647869, 0.10784448590503853]
[0.1107456322183223, 0.35561340491963306, 0.03491376358992664, 0.3889804618349047, 0.10974673743721325]
[0.08654783177080717, 0.016653462643962894, 0.39540671153530965, 0.009892149789844429, 0.38859396947242997, 0.10290587478764593]
[0.1142324391519511, 0.015165814303943858, 0.3877812511608155, 0.48282049538328964]
[0.27197419820234126, 0.05509449895264839, 0.07125778013938157, 0.08700993288884804, 0.5146635898167808]
[0.08472037457785575, 0.5040157843599335, 0.0346781229409396, 0.34795184338084256, 0.015723066744324634, 0.012910807996103882]
[0.2838437414248407, 0.07065235294914075, 0.4896316252017949, 0.15587228042422357]
[0.07041979303928562, 0.16405097724417186, 0.007314834882195708, 0.052653112466724494, 0.7055612823676224]
[0.20073049255629213, 0.032299347130343076, 0.03546848195691101, 0.06486820618333956, 0.5771692149707593, 0.08946425720235489]
[0.10569335724386406, 0.43529703358933775, 0.022554816208653235, 0.4364547929581451]
[0.20717388520418276, 0.013769518279705536, 0.14245131262701763, 0.5154092783774116, 0.12119600551168254]
[0.12938631012823357, 0.4168583183211052, 0.039100760835642324, 0.31058678330331, 0.012980472195508224, 0.09108735521620068]
[0.22977930890975198, 0.1490732757056626, 0.07680372422780724, 0.5443436911567782]
[0.2365042680588103, 0.0963497873395798, 0.5616381876516034, 0.057973694672995006, 0.04753406227701145]
[0.12222170506473334, 0.07066975129193241, 0.020399886668350985, 0.02068513689629257, 0.3036221386061628, 0.4624013814725281]
[0.2556158502112638, 0.2277276529101148, 0.22463314335038367, 0.2920233535282379]
[0.11515498442755406, 0.41959828451053705, 0.09270935290684146, 0.11265885728897906, 0.25987852086608854]
[0.08684214277194273, 0.15946591252635245, 0.04698006464267533, 0.045754429635272466, 0.2062448821639721, 0.45471256825978495]
[0.2413658701006787, 0.06153191798692874, 0.26073913552535544, 0.43636307638703703]
[0.3064187228345021, 0.036941973025512095, 0.10962066436458846, 0.388301229889608, 0.15871740988578922]
[0.10551322554730266, 0.03873837652340265, 0.11080570079482033, 0.03820434815569113, 0.3331388501090165, 0.3735994988697667]
[0.07554449106995902, 0.01771699932888335, 0.8468743088554713, 0.05986420074568631]
[0.08964881443905487, 0.2882813745866816, 0.5390184742478209, 0.051360547403142574, 0.03169078932330014]
[0.14487054419468068, 0.014916113782886911, 0.04017997193645923, 0.06078195075219941, 0.339244798972739, 0.400006620361035]
[0.31810143148933556, 0.10644135810848514, 0.31701565007767546, 0.2584415603245038]
[0.08825743244855871, 0.3162620734614344, 0.21827750834726833, 0.33422855513800215, 0.042974430604736415]
[0.23218208189853015, 0.12856657998247473, 0.13482528783653008, 0.041034185753712184, 0.05932911678390539, 0.40406274774484746]
[0.11037856250939669, 0.06391180300705673, 0.8010910586622322, 0.024618575821314492]
[0.16327948011878224, 0.40729324755106006, 0.294485740257484, 0.04102492548869134, 0.09391660658398225]
[0.11985852858466291, 0.0256691273736428, 0.6650660559388517, 0.05788332120660095, 0.06331880252924821, 0.06820416436699361]
[0.1558217155546216, 0.050184888070683366, 0.5423759592855687, 0.25161743708912626]
[0.1406730262547246, 0.015784667431689076, 0.03651921706885727, 0.049196936415547905, 0.7578261528291811]
[0.10371779857009633, 0.4681084869928829, 0.029868792146642436, 0.28909724082141414, 0.03402451501459272, 0.07518316645437134]
[0.08031932987085698, 0.027485565624254134, 0.7663839765409024, 0.12581112796398655]
[0.07557352779575911, 0.16512157705056954, 0.018641556416860095, 0.7165899832555188, 0.02407335548129244]
[0.12978688768729033, 0.2514096184498528, 0.05688549287489093, 0.16074204299123912, 0.06936292999446812, 0.3318130280022585]
[0.22509066079591872, 0.07750509084555998, 0.11100105377157984, 0.5864031945869415]
[0.161443132369862, 0.5984542584637454, 0.06605236549621368, 0.10746919047971697, 0.06658105319046184]
[0.07473518718429338, 0.01146196757969886, 0.2220333341114185, 0.008586308970145048, 0.6752724515608522, 0.00791075059359187]
[0.20924763356268727, 0.10334928545805905, 0.6325117152210418, 0.054891365758212046]
[0.12039466856594663, 0.348803163016661, 0.038260238279120194, 0.39289846685423546, 0.09964346328403656]
[0.15451614378075848, 0.1106085001036284, 0.25033771399749305, 0.029081508866423786, 0.3345899583094431, 0.12086617494225314]
[0.18599705725983998, 0.2535305788800876, 0.19187967185201832, 0.36859269200805417]
[0.14715587820608053, 0.11612967101088736, 0.29373454279043565, 0.08398258640859012, 0.3589973215840064]
[0.10798153967444812, 0.12619424066550403, 0.4499411032061305, 0.007052430113085548, 0.29951262502141074, 0.00931806131942099]
[0.22316168395879943, 0.2855900475334813, 0.15480536375255874, 0.3364429047551605]
[0.2253431668580351, 0.3372558092863525, 0.16896117639554822, 0.1929990994553804, 0.0754407480046838]
[0.06676998851135979, 0.007556558991361394, 0.08368313147875739, 0.014231014435150091, 0.029480906801085446, 0.7982783997822858]
[0.11496690234449466, 0.01023963647349503, 0.8368430670843376, 0.03795039409767261]
[0.2193504262428471, 0.04856819684321104, 0.16292460728467287, 0.40756892154261437, 0.16158784808665472]
[0.09549245530679776, 0.3066593639756078, 0.28685682556340547, 0.0535049638731262, 0.19419063167158643, 0.06329575960947637]
[0.08133702211418416, 0.7805578532290358, 0.010531822491069334, 0.12757330216571078]
[0.10282513781829508, 0.15327795328530586, 0.03262136425649729, 0.01145497665576257, 0.6998205679841392]
[0.09818101117717688, 0.015668569913255232, 0.016309488612117225, 0.4067008877336712, 0.04926665347819216, 0.41387338908558724]
[0.25367047802230136, 0.11009657305600483, 0.16473677880105236, 0.4714961701206414]
[0.18949797438493568, 0.5913283546681168, 0.028255097840337185, 0.1481185239899208, 0.042800049116689456]
[0.10024490275495483, 0.06358871915358746, 0.4628521729963372, 0.036567702822816385, 0.047200816150976266, 0.28954568612132797]
[0.1377675685416872, 0.04774551901595954, 0.7453132932857545, 0.06917361915659884]
[0.07655572919922185, 0.035094434264894135, 0.8201162881017426, 0.009617689946056641, 0.05861585848808471]
[0.1586448900477612, 0.031774414936544766, 0.40947193187963127, 0.020100002275320984, 0.028105918668303448, 0.3519028421924384]
[0.17330989614331457, 0.02281322222294149, 0.7239820182863731, 0.07989486334737095]
[0.08073499002262759, 0.006747756529241626, 0.021934622028853053, 0.025544608482443793, 0.8650380229368339]
[0.12563871627500536, 0.3035978632154915, 0.15754780326717543, 0.04648908019724912, 0.2689206743100439, 0.09780586273503483]
[0.11390790950648416, 0.019744940720237435, 0.48097449647716395, 0.38537265329611464]
[0.11171877558567543, 0.8259933913360936, 0.02471883867235194, 0.027609548765652272, 0.009959445640226702]
[0.08899081282431276, 0.0770418653627944, 0.02346337298515868, 0.02517340379790483, 0.7309491632253666, 0.05438138180446265]
[0.183868297298859, 0.09508554065861244, 0.1135357194519081, 0.6075104425906204]
[0.14210074083925633, 0.07131190937281263, 0.10444222964957986, 0.08427731379820076, 0.5978678063401506]
[0.21506657402352133, 0.375964222542337, 0.13627500767428488, 0.0450567866018947, 0.16230569731964808, 0.06533171183831384]
[0.11427144329354177, 0.3866787499695691, 0.016952348563652513, 0.48209745817323657]
[0.1943815915875978, 0.4749312219503077, 0.05374523585643154, 0.16315940550667316, 0.11378254509898968]
[0.07147223083749042, 0.6830240141728176, 0.030158559717344248, 0.02307273942785676, 0.03625564416919216, 0.156016811675299]
[0.3145499103203104, 0.18190635790394005, 0.12646918413113478, 0.37707454764461473]
[0.07173553624531956, 0.007898788942287403, 0.2800359092811083, 0.008017621144046647, 0.6323121443872382]
[0.06934518849227361, 0.004673689808327351, 0.04950428748247369, 0.008114710003686675, 0.2170792859480085, 0.65128283826523]
[0.26883315937042473, 0.05223964241184634, 0.06337904090666191, 0.615548157311067]
[0.07684390912034662, 0.012506367227087617, 0.00882926273172032, 0.16969525924873863, 0.7321252016721068]
[0.12510073653541004, 0.1791682873240703, 0.3096954088387886, 0.04242544608231793, 0.29177013715566397, 0.0518399840637492]
[0.2854890927604142, 0.1913586722586913, 0.2818947124221853, 0.24125752255870928]
[0.1708545977666098, 0.07606150869632308, 0.23618303966687534, 0.13098058614026878, 0.38592026772992305]
[0.12039035040726112, 0.502019115774669, 0.23472875810622604, 0.0347815790151737, 0.02990096589277184, 0.07817923080389827]
[0.12959781382963345, 0.2707418258220481, 0.5591478257309399, 0.04051253461737856]
[0.28611398267423654, 0.12074495623460259, 0.03429539677979914, 0.43224217089423556, 0.12660349341712607]
[0.12817404495271945, 0.3325632604208795, 0.04706744767398345, 0.011418869137911593, 0.10430891877540358, 0.37646745903910245]
[0.27455180460314965, 0.24944407876758987, 0.3373491605628607, 0.13865495606639985]
[0.134262626156952, 0.7367556026536741, 0.014148742782745345, 0.064158969068309, 0.05067405933831951]
[0.21734780078832347, 0.01748196048438354, 0.4602607835153895, 0.15734013396716054, 0.11134376836602136, 0.03622555287872159]
[0.18287703381317427, 0.5864282670494552, 0.1878739282622191, 0.042820770875151536]
[0.1084335603088828, 0.11150838603226686, 0.03909447189867033, 0.06580751159094712, 0.6751560701692328]
[0.1584899912673151, 0.05588637687327686, 0.3445591769202549, 0.0675942485197056, 0.3315539761161005, 0.04191623030334708]
[0.12111885370815238, 0.5245400063191191, 0.3285986037629605, 0.025742536209767995]
[0.16920605561286067, 0.36960552627687504, 0.023428193915471456, 0.3627976508027281, 0.0749625733920646]
[0.06755013378417608, 0.0020178316255066325, 0.009622158985372815, 0.11824846704781294, 0.7221720693740582, 0.08038933918307332]
[0.11355827574177355, 0.08858738363546997, 0.41153687730474353, 0.38631746331801314]
[0.2632802536471078, 0.5614961008993263, 0.03936100134799243, 0.07901620376758427, 0.05684644033798907]
[0.14004944529598995, 0.03784644881765648, 0.3454444297038574, 0.4005104525035075, 0.02530959904938463, 0.05083962462960394]
[0.14435792270188208, 0.12247036670671504, 0.515020479901318, 0.2181512306900849]
[0.2672900728856992, 0.03416798728067251, 0.1262882336063854, 0.38565820657774325, 0.18659549964949954]
[0.08846352693497486, 0.5242851743761162, 0.008598873484419196, 0.35973195812791503, 0.010169129697691773, 0.008751337378882767]
[0.18820828139799078, 0.07836127856624259, 0.4434966583888896, 0.28993378164687716]
[0.12541990301032122, 0.46790482739480965, 0.30241617671068755, 0.014723578189518844, 0.08953551469466282]
[0.0948039191520427, 0.005783590743249216, 0.02777530177447175, 0.7655458216872543, 0.022732340879189555, 0.08335902576379242]
[0.2406298155997668, 0.38693278113004953, 0.13964274765285165, 0.23279465561733206]
[0.07830073152829078, 0.02800096309121254, 0.7133127334065744, 0.01410492095802414, 0.16628065101589815]
[0.15033215213515325, 0.09115523475974571, 0.43270344372552483, 0.10913481839799981, 0.18335060575599968, 0.03332374522557665]
[0.21554374911029792, 0.6526816917295166, 0.02863483148037195, 0.10313972767981354]
[0.18176249015006024, 0.14059396512279154, 0.03634889372568356, 0.26318879955777624, 0.3781058514436883]
[0.07800081034815617, 0.008868632946229329, 0.18088978907796568, 0.019632687787246538, 0.02185162019344158, 0.6907564596469606]
[0.08111090473608601, 0.8435625389566269, 0.043960029183493926, 0.03136652712379295]
[0.14142485935510726, 0.33751193320579437, 0.3869602443968036, 0.08688179590200519, 0.04722116714028961]
[0.0726038044191304, 0.009459823652682062, 0.22112945251550162, 0.6606834743812026, 0.034034139058749864, 0.0020893059727334173]
[0.19097722039595735, 0.4923928412887877, 0.05461518509713385, 0.2620147532181211]
[0.1436083526017226, 0.41202837365965056, 0.03595733133892639, 0.05120068649122349, 0.35720525590847696]
[0.1796096966886763, 0.45008598177782194, 0.0220847715039453, 0.02937161796815915, 0.23547757991187512, 0.08337035214952228]
[0.2155859484982096, 0.2123494787447748, 0.3401323215480466, 0.23193225120896893]
[0.18745336166164642, 0.042991872050350426, 0.5298898924148765, 0.04928338782043788, 0.19038148605268868]
[0.15263102072631848, 0.07597437888002072, 0.3386810690969295, 0.08882044459973842, 0.2642337795896973, 0.07965930710729544]
[0.1736197188638173, 0.0830577015283847, 0.0373869004657359, 0.705935679142062]
[0.11013526017049119, 0.4660199669107583, 0.3713655164011489, 0.008956226487804747, 0.04352303002979682]
[0.19827593982158445, 0.6136810382739045, 0.03134023328277463, 0.03839658094767736, 0.095851276718354, 0.022454930955704923]
[0.1918238504797084, 0.284561618496329, 0.10242249091097616, 0.42119204011298644]
[0.07622100415547513, 0.16457624041824817, 0.0016612568418832015, 0.7249955518823874, 0.03254594670200614]
[0.1576419480718465, 0.023031995157156412, 0.29032254927750556, 0.10079265297827086, 0.2583333078309074, 0.16987754668431324]
[0.19532592356210712, 0.4577440899962371, 0.18359561290757667, 0.16333437353407904]
[0.2133572113762018, 0.03157054460656717, 0.18405894348803792, 0.05354135708845765, 0.5174719434407354]
[0.10055836140414631, 0.41686673406446184, 0.4200340565441935, 0.03490478970156852, 0.017679653485505126, 0.00995640480012474]
[0.2185153553829495, 0.2431705055935294, 0.17580418114947224, 0.362509957874049]
[0.1228217331767704, 0.03722102380306409, 0.44114527041373636, 0.2806048265000019, 0.1182071461064272]
[0.10236296876770704, 0.010853183202631247, 0.022193589927928893, 0.6584086562990069, 0.195244398924646, 0.010937202878079864]
[0.24338968029253286, 0.0579805785869986, 0.05770663272789435, 0.6409231083925743]
[0.09159290974673927, 0.05553653933799179, 0.0076080739466519295, 0.2963951494614465, 0.5488673275071705]
[0.10214151335573056, 0.29174156700956616, 0.30090220950846114, 0.044780852890160025, 0.019836090252541093, 0.24059776698354104]
[0.11224242764605516, 0.028219538389878562, 0.8344211757282117, 0.025116858235854512]
[0.06557134404026964, 0.7868313143903969, 0.013295204347115256, 0.01192999021868172, 0.12237214700353644]
[0.18368804132128796, 0.013132384893042005, 0.046152131995151835, 0.18944505745910767, 0.0506470830608027, 0.5169353012706079]
[0.21593399775701141, 0.1042257417480306, 0.03027811709353334, 0.6495621434014247]
[0.21146643706030768, 0.06267021672001503, 0.07219772556602819, 0.2049602667827376, 0.44870535387091154]
[0.23555302483916676, 0.04701053939234609, 0.3481565467880085, 0.08096438713760563, 0.17538206759586233, 0.1129334342470106]
[0.24914671847867537, 0.6187163454782705, 0.10377216305484718, 0.028364772988207127]
[0.16863044286249124, 0.3953755323817207, 0.015195822853937026, 0.36096362526550524, 0.059834576636345733]
[0.15215407287584531, 0.05969232386500567, 0.3266060962761852, 0.35022659526893896, 0.038690346027822606, 0.0726305656862021]
[0.26399073092033426, 0.11296325379975816, 0.24217085251590723, 0.3808751627640005]
[0.07225271457192838, 0.6366035636693244, 0.0025210268359005966, 0.28219355547127484, 0.006429139451571789]
[0.13328955515064725, 0.03557297959583155, 0.5769375855517038, 0.027941570869351878, 0.019758924087031584, 0.20649938474543383]
[0.3501299760091249, 0.1465001873276849, 0.26387767730766853, 0.23949215935552168]
[0.08285102719918909, 0.01599120987531663, 0.009362961153639118, 0.031107763300880463, 0.8606870384709747]
[0.07589195486353675, 0.11017628993782559, 0.5024633595015031, 0.02595994587341508, 0.01678382678025021, 0.2687246230434691]
[0.2599484296687966, 0.1882678360634912, 0.4223324140935813, 0.12945132017413097]
[0.23566078247187647, 0.37354196954787916, 0.18684944103959017, 0.07929482454193695, 0.12465298239871715]
[0.14467711556623683, 0.03583395787281728, 0.113125026096192, 0.09759558846847806, 0.44016858275301207, 0.16859972924326366]
[0.28403372366457424, 0.4439160191019166, 0.12937100887200295, 0.14267924836150622]
[0.2548949200454219, 0.03709284252758208, 0.5286067573570759, 0.119077902309168, 0.060327577760752114]
[0.07183363106124345, 0.20335703179503725, 0.5187971796495126, 0.02975902971255576, 0.15996056289655777, 0.016292564885093307]
[0.13104745694201914, 0.1335568151962771, 0.45865542984607843, 0.2767402980156252]
[0.09872175411855161, 0.2186319677226112, 0.012884567490359818, 0.2910401292248338, 0.3787215814436435]
[0.12255461230722223, 0.3044698617688223, 0.022425065174476292, 0.08047047367400208, 0.4599057726801055, 0.01017421439537149]
[0.17770390017235113, 0.16435008923523328, 0.12011351005943473, 0.5378325005329808]
[0.2715700397445905, 0.055391412516508566, 0.0528756947607888, 0.5341480660211736, 0.0860147869569385]
[0.18664772604516455, 0.13877008906884364, 0.0393339674313936, 0.046398202670225624, 0.5779084613040846, 0.010941553480287922]
[0.24709545177358525, 0.4674555930140146, 0.18431246685144917, 0.101136488360951]
[0.1169641497808646, 0.2275726225417752, 0.22309692119763216, 0.31803994233767774, 0.11432636414205034]
[0.11882830706124192, 0.4433135185930761, 0.01313777922452446, 0.28652232575484543, 0.08435134983217613, 0.05384671953413585]
[0.20156956687991498, 0.287216214074011, 0.3441501179773509, 0.1670641010687231]
[0.19427154628774101, 0.10987450764486886, 0.0764684688042875, 0.0741905620485239, 0.5451949152145787]
[0.07490244202676521, 0.007986881618866754, 0.4846065068450993, 0.3338899606468314, 0.09433651769602046, 0.004277691166416969]
[0.10183252929116679, 0.3759964612905383, 0.22545764168668425, 0.2967133677316106]
[0.24510542596847773, 0.14214673674923095, 0.13871808429161786, 0.42435483096389237, 0.049674922026781115]
[0.12457717592667217, 0.049043665081223785, 0.12041651923627959, 0.06159635321590886, 0.41665437699461694, 0.2277119095452987]
[0.24900050708185345, 0.1824253745414626, 0.1487317286839831, 0.41984238969270077]
[0.1218450316628785, 0.033229493436307996, 0.016631745967563883, 0.46703072102882004, 0.3612630079044296]
[0.11917592351084498, 0.0449803106740077, 0.30797147281693205, 0.41301762460435143, 0.011705333504402046, 0.10314933488946189]
[0.31091494937368613, 0.48304584813771684, 0.10223422319465965, 0.10380497929393731]
[0.20220672952778912, 0.30216181682583587, 0.19084424583441081, 0.16682452168025927, 0.13796268613170476]
[0.09860613932571488, 0.014664994425910767, 0.4170362156311417, 0.05018834951478157, 0.010497427702745804, 0.40900687339970543]
[0.31921643537698535, 0.11893587405921534, 0.46861606362133457, 0.09323162694246491]
[0.14582282960726703, 0.4205347537211525, 0.05366340548750378, 0.3610419059349203, 0.01893710524915643]
[0.09043307550066243, 0.22540297140460205, 0.05697451811785772, 0.3338959089330468, 0.024104748922008708, 0.26918877712182215]
[0.10225730019624267, 0.059174615271346764, 0.4185045602594082, 0.4200635242730023]
[0.11182294546265037, 0.5426910932907085, 0.06234780042048368, 0.03776134437398853, 0.2453768164521689]
[0.12185843796804435, 0.36209405964890884, 0.033214018972927986, 0.016594177266656355, 0.0657239804145065, 0.4005153257289561]
[0.0852673361241358, 0.011707254643334306, 0.8928041435482483, 0.01022126568428166]
[0.08504700355551781, 0.045502012218417945, 0.7312490955172921, 0.12444285990901206, 0.013759028799760317]
[0.13486928467442783, 0.11063202431336089, 0.17050015431661716, 0.05032672419600681, 0.10142701148072734, 0.43224480101885987]
[0.23729954336449197, 0.03939085360256803, 0.06429086246881104, 0.659018740564129]
[0.08719703471473753, 0.21491702040801322, 0.46215426284933664, 0.07225176894734865, 0.16347991308056403]
[0.21184875130742917, 0.1048511112883914, 0.3773250722312709, 0.15455269759276008, 0.0397971176937078, 0.11162524988644078]
[0.18245552612159968, 0.051047467659742315, 0.1870600819754251, 0.5794369242432329]
[0.20851428599568228, 0.06721281218482839, 0.5828773282888728, 0.07762572123926897, 0.06376985229134757]
[0.08870658336212345, 0.02244374185041789, 0.3847331343090358, 0.3152839613019257, 0.17564169832393567, 0.013190880852561681]
[0.19418088101648032, 0.4676234324777277, 0.13744212104997638, 0.2007535654558156]
[0.23452721724658337, 0.1783775419031582, 0.43932219333537625, 0.0869646719751258, 0.06080837553975621]
[0.08057741747700674, 0.13509964938432031, 0.6220263340282898, 0.03582070071451254, 0.11653092777593387, 0.009944970619936693]
[0.07583858909463287, 0.22467807886323077, 0.6878897619454982, 0.011593570096638103]
[0.07294730958549685, 0.008453242054701682, 0.034358344754592186, 0.2217618743413209, 0.6624792292638884]
[0.07272661843809032, 0.017001826709098507, 0.01997664320330931, 0.5627297860160696, 0.1647905779022295, 0.1627745477312026]
[0.10298341093566454, 0.6615423273646893, 0.1938540319249248, 0.04162022977472129]
[0.24256348822191245, 0.2079131586741654, 0.2883182036772949, 0.13037409571968883, 0.13083105370693845]
[0.07870688930113837, 0.02570760760250012, 0.013167945181119531, 0.6862146218055573, 0.17743342049033262, 0.018769515619352195]
[0.08462180726762777, 0.01750109846042698, 0.008892746465603917, 0.8889843478063413]
[0.06716623012619669, 0.2739667186186407, 0.045656842641863794, 0.004667624251693045, 0.6085425843616059]
[0.23903361496356051, 0.08230390033075917, 0.11732205917754765, 0.3601411601677294, 0.10787461069350034, 0.09332465466690308]
[0.06917229238410041, 0.833008312034131, 0.08700200794341609, 0.010817387638352617]
[0.20706252099106504, 0.08448664077497745, 0.13712205035186062, 0.07296454852102155, 0.4983642393610754]
[0.1658114685819895, 0.25222816434374334, 0.28457202633402395, 0.12639992344328718, 0.09207764722381827, 0.07891077007313785]
[0.10854486693571679, 0.8176411273046382, 0.05917537848507152, 0.014638627274573462]
[0.1460101151682904, 0.10154757653456917, 0.04984078978766866, 0.20114895043783018, 0.5014525680716415]
[0.06860973048958863, 0.3176645662575858, 0.007670999015857185, 0.01118930579484069, 0.461706187669166, 0.13315921077296156]
[0.07039935522140053, 0.8340541819128593, 0.08842405539046341, 0.0071224074752767475]
[0.15803672302591357, 0.34081960887553414, 0.05788514544818091, 0.3487449471546244, 0.09451357549574702]
[0.07248661753073887, 0.008664186212207313, 0.21653344468267596, 0.023321541959644733, 0.023011518878572376, 0.6559826907361607]
[0.16854764796321367, 0.030161927693143277, 0.2905915712211453, 0.5106988531224976]
[0.20202014815016617, 0.5510488685363696, 0.10485197883766956, 0.10930441498485721, 0.0327745894909375]
[0.10239811560752739, 0.058560844080883835, 0.025142160105000363, 0.6681240961846299, 0.04499080094742589, 0.10078398307453265]
[0.13433363355326824, 0.4840779865277095, 0.06617925621947825, 0.3154091236995441]
[0.16095697545457013, 0.11057120534889847, 0.10078116628637038, 0.2706162939235203, 0.35707435898664064]
[0.12374246035818498, 0.04630683816041413, 0.0512018085862081, 0.3764010491175823, 0.3431344312228885, 0.05921341255472202]
[0.20156956687991498, 0.1670641010687231, 0.3441501179773509, 0.287216214074011]
[0.0796725427878773, 0.5687780806758141, 0.016360984364959773, 0.10852394097935318, 0.22666445119199555]
[0.09379768735947923, 0.24201275980384793, 0.03870674777765451, 0.5962425194234099, 0.01470848290772578, 0.014531802727882551]
[0.27166057790486403, 0.5938993693968607, 0.01482251454928919, 0.11961753814898608]
[0.11461736651241484, 0.05108181839532668, 0.3038079481071348, 0.48883576249521254, 0.04165710448991115]
[0.0891269491810679, 0.05040740255898098, 0.19651865899886495, 0.04310863963939324, 0.24631523544333123, 0.37452311417836165]
[0.22300704246510936, 0.06893406765363104, 0.5866310712303925, 0.12142781865086702]
[0.14897038393309206, 0.4339080808586955, 0.3282319433249064, 0.04031567454278485, 0.04857391734052118]
[0.08831737095684297, 0.31169129583384403, 0.01433162796991228, 0.025579493033848263, 0.3845197149335594, 0.17556049727199305]
[0.3102154815266356, 0.05021974765197766, 0.4385689459876411, 0.20099582483374567]
[0.1983467888320837, 0.21228204583666888, 0.35759000062961915, 0.14658157542717673, 0.08519958927445134]
[0.09073577996937547, 0.010847126562975276, 0.23387054408403207, 0.02562247758892178, 0.05753828355436329, 0.5813857882403319]
[0.1360194462095042, 0.06551005521836896, 0.7201148324747636, 0.0783556660973632]
[0.07285477812352757, 0.008096914254750077, 0.0011821154995870996, 0.6364765274349515, 0.28138966468718374]
[0.11429309535424398, 0.03600783804749946, 0.062038590981557874, 0.43263290524422715, 0.33965334747742326, 0.015374222895048273]
[0.2515975554310336, 0.03313409257970843, 0.655349856723261, 0.05991849526599697]
[0.20938922807022275, 0.32077504083980124, 0.15933917527452124, 0.13874774664540487, 0.17174880917004992]
[0.16561539053582558, 0.07009093373653104, 0.04204383484015671, 0.21773982601014671, 0.42624689997194865, 0.07826311490539133]
[0.10624946172182174, 0.08116307877433983, 0.4928730253383653, 0.3197144341654733]
[0.22246871487995615, 0.10139404050003903, 0.4672373776940528, 0.1515645970162863, 0.057335269909665705]
[0.0826975959485178, 0.044529803195608564, 0.49220109435349346, 0.033241592675079194, 0.3387110347632895, 0.008618879064011336]
[0.08231328270116571, 0.8831166613000336, 0.02614645364249525, 0.008423602356305479]
[0.10856004761334209, 0.08452262684162827, 0.38821701744189796, 0.056214293758286245, 0.3624860143448455]
[0.06538190588061635, 0.5793120954103679, 0.25886781536426284, 0.03317028056776791, 0.022055726615712624, 0.041212176161272415]
[0.1778642094432241, 0.10920465605632253, 0.5919300202717714, 0.121001114228682]
[0.11026948232832301, 0.02788409119992681, 0.03926511281421355, 0.021067325228291994, 0.8015139884292447]
[0.14942825841018, 0.32834832000351455, 0.08787667274318538, 0.31582357308696024, 0.03543774952893382, 0.08308542622722595]
[0.10224312439312068, 0.1518314495397624, 0.05653480277449451, 0.6893906232926224]
[0.22662945197178067, 0.09435461337938221, 0.013880799515014426, 0.0903976886881867, 0.5747374464456361]
[0.07189414356187565, 0.4656427428213383, 0.09199765308022732, 0.01573096213697695, 0.32267527574747423, 0.03205922265210757]
[0.14033126024290984, 0.05284682840143551, 0.4202008009891119, 0.38662111036654284]
[0.13469496858479935, 0.4031178259248312, 0.05072427824717181, 0.04248094712072279, 0.3689819801224749]
[0.07317828730400984, 0.16614559331850684, 0.01250623943646525, 0.017288180120868107, 0.5665097898441781, 0.16437190997597198]
[0.25179665011729896, 0.05863763479399645, 0.02539145431569504, 0.6641742607730096]
[0.1971124733666625, 0.017460216619825813, 0.5387086959201568, 0.024554518269048548, 0.2221640958243065]
[0.10333098495110125, 0.4779544352400592, 0.22897318244960846, 0.025545353170772892, 0.05755891583293357, 0.10663712835552466]
[0.1443319393443784, 0.4281332799625261, 0.03689037824025505, 0.39064440245284054]
[0.22062787316382726, 0.3518971770088844, 0.12841528959221318, 0.0732727915493824, 0.2257868686856928]
[0.08993243545474969, 0.04764592835241928, 0.22332831770323433, 0.05131986060619501, 0.02192532088837864, 0.565848136995023]
[0.11237751964219837, 0.02920888695280526, 0.02578855852720546, 0.8326250348777908]
[0.12850311911035123, 0.07127207086929954, 0.016059505910960333, 0.3681322308632382, 0.4160330732461508]
[0.11152342854513463, 0.4751060392992547, 0.29149288881013224, 0.022000001600525506, 0.044437111186722125, 0.055440530558230734]
[0.08712751055073803, 0.5182790132295378, 0.3581435812656317, 0.03644989495409255]
[0.09529212270633682, 0.6243328727782854, 0.04787174719521229, 0.060701905634476756, 0.1718013516856888]
[0.08409998331691114, 0.01606881361612521, 0.12296924983428655, 0.011033519812688897, 0.7234683295144965, 0.04236010390549161]
[0.16636822267013218, 0.09597819153143342, 0.16435494646021206, 0.5732986393382224]
[0.18350343013093942, 0.13087125730439575, 0.19235391250128644, 0.08111745280959418, 0.41215394725378435]
[0.11738691852715136, 0.08865791566786502, 0.5213634862344325, 0.1880127171098513, 0.029100021856613055, 0.05547894060408676]
[0.25846226970801806, 0.1894946696740404, 0.3863338941160773, 0.1657091665018642]
[0.21087925933575488, 0.48692368569669703, 0.07674675592811195, 0.176613882367451, 0.04883641667198497]
[0.11064963816439181, 0.046837235570174544, 0.30099576260280037, 0.041296621670520166, 0.020095752273402805, 0.48012498971871015]
[0.06738509835150294, 0.6115505114601837, 0.2752375510401833, 0.04582683914812991]
[0.12758583922967903, 0.06935358527628706, 0.03800588013513625, 0.4021846930958585, 0.3628700022630391]
[0.08778451278036165, 0.035903822369506205, 0.551566255837413, 0.23118348878838368, 0.040209084399407825, 0.05335283582492769]
[0.18488453033719873, 0.1428451299245561, 0.5409029525801096, 0.13136738715813545]
[0.07294730958549685, 0.6624792292638884, 0.034358344754592186, 0.008453242054701682, 0.2217618743413209]
[0.14188673166640767, 0.3322460801247881, 0.040786135574433904, 0.3807199821897891, 0.061563892397749766, 0.042797178046831585]
[0.287437498325793, 0.2225253789093883, 0.3748407998441227, 0.1151963229206959]
[0.2586259336327501, 0.0161289024196337, 0.6420236572763447, 0.030882534790975944, 0.0523389718802956]
[0.12070167293563736, 0.04021706261282165, 0.03887789517491122, 0.07190739622694689, 0.03138260797685922, 0.6969133650728235]
[0.2637657497714788, 0.4805929264748737, 0.1157857324289571, 0.13985559132469055]
[0.06456306226816322, 0.7152513045716901, 0.08725461786725212, 0.12087208195423087, 0.012058933338663846]
[0.20784727386183519, 0.10835025195841408, 0.09770847680087479, 0.06125596894499563, 0.10444212664861915, 0.42039590178526115]
[0.17432912206107826, 0.6299251105058946, 0.07982176140072045, 0.11592400603230667]
[0.1418484941049023, 0.11783508897033097, 0.44651617550082673, 0.1083549704594201, 0.18544527096452]
[0.18384929644336145, 0.17944813232151546, 0.5608219530851525, 0.02226708101862512, 0.025453276737227637, 0.028160260394117894]
[0.0852673361241358, 0.011707254643334306, 0.8928041435482483, 0.01022126568428166]
[0.06091922213789407, 0.5745317210244878, 0.006303824991713668, 0.25721475891266427, 0.10103047293324013]
[0.09268165797181464, 0.27004392359809315, 0.0663506766194343, 0.2026878720557885, 0.34305664497032906, 0.025179224784540242]
[0.11321310848516689, 0.49137271336634775, 0.08515056865821777, 0.3102636094902676]
[0.08729399837982983, 0.1046167495330984, 0.39128976549438843, 0.018810580463777832, 0.3979889061289054]
[0.1701143399287755, 0.08172390421644471, 0.15617791241405188, 0.3295283135387136, 0.03386251060612986, 0.22859301929588435]
[0.22133530712292152, 0.026372991893416648, 0.5630820368923968, 0.18920966409126502]
[0.14434337625590793, 0.030911404727320593, 0.0730891665626453, 0.1260888881051574, 0.6255671643489688]
[0.1686813054826998, 0.014877825042250686, 0.0479854228550531, 0.5023940789108476, 0.19624221847434345, 0.06981914923480527]
[0.3855790404338632, 0.13648900100649847, 0.2624474102202417, 0.21548454833939654]
[0.17461747164069863, 0.1788430605923247, 0.09777476665648464, 0.4173650339128085, 0.13139966719768362]
[0.21675120779620843, 0.09923072695216241, 0.047962434259455004, 0.4359018689964508, 0.09761966481972122, 0.10253409717600212]
[0.18161146403455372, 0.7055498288782238, 0.04380962811084479, 0.0690290789763776]
[0.2251231842526769, 0.12945437824546435, 0.0774507394856624, 0.40212503699123636, 0.16584666102495993]
[0.09862154937775262, 0.02292561872145098, 0.029631534646437953, 0.7499917234959753, 0.047983242275424644, 0.05084633148295871]
[0.18548484606285137, 0.311546377090485, 0.19851059922672334, 0.30445817761994043]
[0.15080820426353322, 0.33960218834760536, 0.4608598913432497, 0.033532434828298985, 0.015197281217312713]
[0.08275003771368691, 0.7600732572510653, 0.12527465032430574, 0.010517646727220394, 0.00631119667868273, 0.01507321130503892]
[0.06935117066309666, 0.08741859800395747, 0.0223972974272808, 0.8208329339056651]
[0.14026361781161012, 0.02065862001977908, 0.32735354514658127, 0.02598140479342005, 0.4857428122286095]
[0.1494997393720894, 0.04076524125590944, 0.02965637913522315, 0.03259467306800763, 0.5099611809302892, 0.237522786238481]
[0.2593980072964389, 0.458525648652296, 0.1282184701257589, 0.15385787392550618]
[0.20876782221246246, 0.1002919095775752, 0.029633195159945842, 0.6306787473063088, 0.030628325743707708]
[0.20978326703002556, 0.31880751762787857, 0.15867441075692604, 0.05023964362432801, 0.06293694836053187, 0.19955821260031]
[0.3112884794615935, 0.0838986469033107, 0.07799784645772753, 0.5268150271773682]
[0.18269566841358603, 0.5050807869802564, 0.02273208439459498, 0.2050160479536688, 0.08447541225789376]
[0.12141817171023651, 0.038276858490259635, 0.35922952286668264, 0.008279286853792651, 0.010913608138590642, 0.46188255194043787]
[0.17052364715036084, 0.28629321923973167, 0.023965964473434114, 0.5192171691364733]
[0.11785120499866639, 0.3108552082292254, 0.46879781140968413, 0.006580705177845444, 0.09591507018457858]
[0.0847096483728981, 0.7331990576073818, 0.027643320386356543, 0.12052230043836358, 0.013163954869838571, 0.020761718325161514]
[0.31810143148933556, 0.2584415603245038, 0.31701565007767546, 0.10644135810848514]
[0.29984089185178864, 0.43613115362791255, 0.12128247000419651, 0.09747566834495157, 0.04526981617115078]
[0.19869590615588503, 0.16547249948445727, 0.06483127883214025, 0.4609444186860915, 0.05574322427026304, 0.05431267257116293]
[0.10989747093692549, 0.0523644941848404, 0.797451604674312, 0.040286430203921975]
[0.244337690521659, 0.5844875670550689, 0.012123616320032036, 0.08148910017557583, 0.07756202592766422]
[0.14697277044377102, 0.05706827259856272, 0.059834349328617246, 0.12877687963733322, 0.5254203577931152, 0.0819273701986005]
[0.10901413830027756, 0.029635961868714953, 0.06038090217169746, 0.80096899765931]
[0.09275639244211226, 0.010971429925243314, 0.2993343502079909, 0.0404296074673667, 0.5565082199572867]
[0.08230335890587392, 0.11517149564704482, 0.028869161192935974, 0.05030645230518011, 0.012418332970990044, 0.7109311989779749]
[0.17603597727749704, 0.08168257713904871, 0.42893001018933224, 0.313351435394122]
[0.0877853117450434, 0.016786404629048252, 0.3637642395361503, 0.5238571556673455, 0.007806888422412537]
[0.15193010640041577, 0.32234803487621255, 0.04058120794155599, 0.09922267831968712, 0.3341209076343655, 0.051797064827763147]
[0.23238362915304792, 0.4401978609674347, 0.13007100598141083, 0.1973475038981066]
[0.08028550051184312, 0.02931487702629624, 0.8518563299344234, 0.013930532899466915, 0.024612759627970337]
[0.0990163772710354, 0.07843728596684155, 0.2848439055067655, 0.028031024896220082, 0.2247931632040237, 0.2848782431551137]
[0.2604033203199387, 0.056447346791502116, 0.032624762654432635, 0.6505245702341266]
[0.08999180411250608, 0.592142397550537, 0.1649741133794456, 0.10059298675537708, 0.05229869820213415]
[0.13175856040416667, 0.05842112999220916, 0.3700058428037709, 0.018299440702698594, 0.3933948900644325, 0.02812013603272209]
[0.14231127482016548, 0.05222588914775425, 0.017656323180455732, 0.7878065128516245]
[0.13148817526259535, 0.21674357361369315, 0.22427558950419865, 0.3948086516751385, 0.03268400994437452]
[0.08535628214017822, 0.016461509226844945, 0.5060513353804406, 0.010080972869580006, 0.34726277202933015, 0.034787128353625935]
[0.31935590367274647, 0.27946514403753653, 0.1417969161957542, 0.25938203609396265]
[0.17473465563241916, 0.08875518922273798, 0.2828044238545686, 0.3147483895961227, 0.13895734169415166]
[0.07744028064814543, 0.7541206434499185, 0.02414705366443447, 0.012050349834545962, 0.12251689487945126, 0.00972477752350455]
[0.27526882825800114, 0.5936440375526636, 0.09788441471565906, 0.033202719473676166]
[0.10632281154886535, 0.031946255878998596, 0.11201265333013621, 0.23472750662612504, 0.5149907726158748]
[0.07063036596709564, 0.25600854099115133, 0.141349780757925, 0.017606291784847298, 0.036197479707976925, 0.4782075407910039]
[0.12974462957973953, 0.6080518672551544, 0.10816745375188487, 0.15403604941322116]
[0.22295067363901053, 0.23240703855360062, 0.08809481983487666, 0.08228184073362664, 0.3742656272388855]
[0.08340794281611813, 0.0188925533444107, 0.016695664065978215, 0.11955267346465497, 0.038870691923083255, 0.7225804743857546]
[0.20828336282626542, 0.3507078349806246, 0.2840992190558848, 0.15690958313722525]
[0.1015128660628671, 0.6881943129595479, 0.01792071185644552, 0.04033964145386658, 0.15203246766727285]
[0.1013334220236535, 0.05920340718462269, 0.07325483706560025, 0.21031840938660396, 0.06347159860257309, 0.4924183257369464]
[0.22676519596763794, 0.574834264482764, 0.0962491939851809, 0.10215134556441716]
[0.07285477812352757, 0.28138966468718374, 0.008096914254750077, 0.0011821154995870996, 0.6364765274349515]
[0.17248103030587333, 0.08294225374196748, 0.5191471402533767, 0.120781885220872, 0.04468913394635375, 0.05995855653155678]
[0.09350973177329575, 0.24246338443577425, 0.059094947168236475, 0.6049319366226934]
[0.11566138310384351, 0.035543944386908354, 0.4442067109031972, 0.060559870045427774, 0.34402809156062314]
[0.09658139279377102, 0.17664177612359513, 0.36355172498404525, 0.02178151330119417, 0.017080692174902042, 0.32436290062249223]
[0.3245497880208927, 0.10731939218818615, 0.09716231812770951, 0.47096850166321175]
[0.10303032811889229, 0.4816686996591788, 0.06367369187136154, 0.09229336746317382, 0.2593339128873936]
[0.14391906378270206, 0.07068353488158481, 0.41842034566037634, 0.31672915294417203, 0.025545076946932692, 0.02470282578423205]
[0.09863602087909404, 0.6313478712055834, 0.2538549022378228, 0.016161205677499794]
[0.09096309023505271, 0.48472413246750246, 0.023311722388619147, 0.2318544444552033, 0.1691466104536225]
[0.07907916574732078, 0.3750130946918014, 0.15601220437642097, 0.005585590516426727, 0.3703357994343543, 0.013974145233675912]
[0.220955217813268, 0.04243744409142096, 0.1497451916499723, 0.5868621464453387]
[0.07570225020108949, 0.2263456809923539, 0.010953148814626602, 0.6838915420835407, 0.0031073779083893352]
[0.10451824270294638, 0.43001233725498417, 0.4340137621891206, 0.00509699646638814, 0.008362500425847182, 0.01799616096071348]
[0.2969994914323393, 0.3092969325540362, 0.195626362160928, 0.1980772138526965]
[0.06876196028135285, 0.6425424075230118, 0.04899815248895304, 0.21428151013524344, 0.025415969571438903]
[0.08851503954095742, 0.46214964978958867, 0.025580362383275282, 0.16182972767634796, 0.04486306925863594, 0.21706215135119472]
[0.15072466509691182, 0.4389335265632566, 0.31331943984393623, 0.09702236849589513]
[0.09104649919928422, 0.053235530435305205, 0.07949536321860035, 0.031603959769557786, 0.7446186473772523]
[0.06382650187248971, 0.02318935774122045, 0.11709451221065856, 0.011821670297112178, 0.0853260227257352, 0.6987419351527838]
[0.1596065041145368, 0.5544063554624526, 0.2591809469449099, 0.02680619347810067]
[0.20833580813661992, 0.6277754473920251, 0.10049131496305908, 0.028189793127314712, 0.035207636380981025]
[0.11860786330338853, 0.38527673848798233, 0.07502014969826648, 0.2844230894152314, 0.05937385810778211, 0.07729830098734901]
[0.1376943847874454, 0.026519595555838403, 0.6162553698960286, 0.21953064976068762]
[0.11201838694770921, 0.3662842577016331, 0.4627706780641442, 0.03204295737477505, 0.02688371991173853]
[0.1182353398563109, 0.050724763994027235, 0.2808559170761676, 0.39126347862084954, 0.02650518557641983, 0.13241531487622488]
[0.14591045330338667, 0.06039192701647081, 0.7429972948517752, 0.05070032482836733]
[0.0796317849379761, 0.016329056815470054, 0.014821807534933434, 0.7918707522342185, 0.09734659847740187]
[0.10042690127017552, 0.024480344782666363, 0.026101249142419042, 0.6305740056213602, 0.047465317877626534, 0.17095218130575243]
[0.1687200162138616, 0.021876305977458578, 0.3728485140878337, 0.43655516372084613]
[0.08727304407060961, 0.2658833320985661, 0.44586962408798125, 0.008554210552001291, 0.19241978919084174]
[0.08882031003294365, 0.017896126411557724, 0.04563975040258736, 0.18075479999437385, 0.16359437240869093, 0.5032946407498465]
[0.1815706621214529, 0.5589867067513705, 0.13860150148412131, 0.12084112964305523]
[0.20661790888007256, 0.3356227627240783, 0.09760891767296649, 0.14676583041630376, 0.2133845803065789]
[0.14995309979122967, 0.31118230474782965, 0.02915570821095947, 0.4014949883952239, 0.026837385015670585, 0.08137651383908674]
[0.1941834754735403, 0.2875973828608575, 0.4257742435422038, 0.09244489812339841]
[0.09277425086746495, 0.02917577321731401, 0.02687635486297682, 0.0807442302102358, 0.7704293908420083]
[0.09411782389541971, 0.054065100724162304, 0.5977644438292987, 0.05615570865360137, 0.1758616077327593, 0.022035315164758533]
[0.0763416695440499, 0.6927287040541711, 0.2283147123128444, 0.0026149140889347193]
[0.11294861512202742, 0.3258166208521675, 0.3798337267887046, 0.1627358784208526, 0.018665158816248032]
[0.12611461438936497, 0.03091912996599939, 0.4118653389243674, 0.016699782693549613, 0.3662642586260947, 0.04813687540062384]
[0.32801652913439716, 0.4898810975297222, 0.047483269815288956, 0.1346191035205916]
[0.15906444900874225, 0.5517648679414631, 0.014099085102171137, 0.015648518201170677, 0.2594230797464528]
[0.11485563968465962, 0.34176104712570593, 0.43383933034941113, 0.023309110465623572, 0.0646496007349849, 0.02158527163961482]
[0.2021161184905632, 0.11908889464553027, 0.628248783103329, 0.05054620376057753]
[0.11191648012183275, 0.16182266004937834, 0.37645563767194623, 0.32387889297940614, 0.025926329177436588]
[0.14717384919906437, 0.08427368593110077, 0.2816129843148124, 0.049518441454373945, 0.3159044511551635, 0.12151658794548491]
[0.11355827574177355, 0.41153687730474353, 0.08858738363546997, 0.38631746331801314]
[0.15748433771582823, 0.07335177561664588, 0.09425410159164849, 0.32989946101943446, 0.34501032405644283]
[0.2089981934785128, 0.05797160870751687, 0.1241756851475191, 0.03961192799406145, 0.5544853402032032, 0.014757244469186533]
[0.10965965937961408, 0.06165881355188699, 0.36557840936919356, 0.4631031176993054]
[0.09566274141923138, 0.03532872047865609, 0.6039802316942805, 0.239780063034167, 0.025248243373664884]
[0.23554608776970956, 0.37901788029375383, 0.13386658213122535, 0.03574213221573914, 0.039424193309258365, 0.17640312428031377]
[0.26325229539462625, 0.17497095005115737, 0.21041169520672856, 0.35136505934748785]
[0.13215060053453193, 0.040164086119773366, 0.3703728623230081, 0.04520382291944968, 0.4121086281032369]
[0.11373149346474895, 0.4903752676994671, 0.31135491898204276, 0.023064850634584688, 0.015230226426618108, 0.04624324279253837]
[0.1181342385867495, 0.510217205167281, 0.32351882354828, 0.048129732697689574]
[0.07483001589267023, 0.011871021931786914, 0.837366890473986, 0.058897217149448816, 0.017034854552108052]
[0.08678210519727551, 0.1940133709659516, 0.24734247096368242, 0.051198885145557975, 0.057294598254046106, 0.3633685694734864]
[0.2778360843372076, 0.0919144991565088, 0.16904471286017156, 0.4612047036461121]
[0.1717991318030134, 0.0827035785549027, 0.0474167390481919, 0.1969827437321338, 0.5010978068617581]
[0.11761251082440677, 0.06160727969601795, 0.38338987604974367, 0.06377597853782556, 0.3463974923910565, 0.027216862500949554]
[0.2529501962362985, 0.07740755346894188, 0.5138799904657464, 0.15576225982901318]
[0.24020845691464232, 0.03176730392024212, 0.0531001619898007, 0.6515445073546363, 0.023379569820678386]
[0.10935953067247069, 0.30471727288421313, 0.22195563474034874, 0.05053341542599386, 0.1171511604217491, 0.1962829858552245]
[0.16628568214133385, 0.440187725448556, 0.024403681275839143, 0.3691229111342709]
[0.2301378249979574, 0.05714343310993959, 0.6316119065932272, 0.05943525161312236, 0.021671583685753507]
[0.1539773704680913, 0.06403108181593888, 0.02195515003037602, 0.02331516030849484, 0.2748672408695707, 0.46185399650752845]
[0.08133702211418416, 0.12757330216571078, 0.7805578532290358, 0.010531822491069334]
[0.21225563169005177, 0.19337872783746957, 0.11200098859143831, 0.08298986940590894, 0.3993747824751315]
[0.16148502894071076, 0.4894708879506903, 0.09059179968839635, 0.12099626163668453, 0.05301568597180302, 0.08444033581171492]
[0.08046109445936359, 0.02298824563690554, 0.09781960125609125, 0.7987310586476397]
[0.08306574331190598, 0.7587996084527215, 0.01779292191202395, 0.12522164735977387, 0.015120078963574637]
[0.1427646416944907, 0.03379688763557341, 0.4223828208191409, 0.3008789702071801, 0.04204094289809808, 0.05813573674551692]
[0.08540705351914636, 0.7398564882008192, 0.12348786398916978, 0.05124859429086475]
[0.08018505297783116, 0.8623838841807444, 0.02062452783042744, 0.012164857641284573, 0.024641677369712286]
[0.07478623589380143, 0.02994091607381248, 0.03422308256195805, 0.02020678071237372, 0.04293879212150974, 0.7979041926365444]
[0.24205248180221609, 0.12531243895545474, 0.48414373351262147, 0.14849134572970765]
[0.21509046695286455, 0.32838836904034796, 0.23248449893115372, 0.12333471786010801, 0.10070194721552593]
[0.1721759982601878, 0.024882296133235355, 0.05713520538902545, 0.13009667377822134, 0.22201404887552367, 0.3936957775638062]
[0.3243901616075413, 0.035288447378531894, 0.09501278627865054, 0.5453086047352763]
[0.12832104969927838, 0.054078710606029104, 0.05553519397936913, 0.562592615418122, 0.1994724302972015]
[0.10886289173692129, 0.03938714114969247, 0.36754780670018633, 0.3149489658138099, 0.154998935217183, 0.014254259382206862]
[0.31495697134383166, 0.25321096956934297, 0.26382934435828453, 0.16800271472854084]
[0.07417116038280738, 0.4814015237399646, 0.09489332380300428, 0.016339468493531777, 0.3331945235806921]
[0.09485167141580071, 0.22088377185440572, 0.08634742264055686, 0.023683319953155098, 0.35246921798342534, 0.22176459615265603]
[0.08151852878950794, 0.7155773859328315, 0.1865697179223152, 0.016334367355345474]
[0.11103710914116016, 0.39910081407353515, 0.15643763304422142, 0.2405658040302523, 0.09285863971083107]
[0.09107770025484441, 0.011667304943786979, 0.29391703910041794, 0.039823439916784636, 0.01707790357699368, 0.5464366122071723]
[0.3182052296261594, 0.137129524041303, 0.28561477556657283, 0.25905047076596477]
[0.14406936982009402, 0.011431219220605174, 0.0814077776415497, 0.43858380234390604, 0.32450783097384495]
[0.09277609936201099, 0.033252132521168716, 0.2704321131182452, 0.1978170039889897, 0.33909792604977523, 0.06662472495981014]
[0.253398702335641, 0.27936241794157074, 0.17084838980882283, 0.2963904899139656]
[0.18435310225552246, 0.1789416018741536, 0.027871865909075647, 0.04784070515873884, 0.5609927248025095]
[0.06729221238791075, 0.02422677522973008, 0.08233592360672057, 0.8034321112706985, 0.012151665003072359, 0.01056131250186752]
[0.08294776774583464, 0.8726299737872247, 0.017475425547819, 0.026946832919121432]
[0.15983709493102782, 0.06555316485395214, 0.39172560780708976, 0.04520696152110006, 0.33767717088683014]
[0.090883604184835, 0.015392199661459596, 0.5492469390558523, 0.03573386382353519, 0.2968187088511969, 0.011924684423120977]
[0.270559700748723, 0.015669614150630392, 0.6138541861902848, 0.09991649891036199]
[0.09514501354887234, 0.7760707054760693, 0.01442996505579334, 0.0846652646710297, 0.02968905124823539]
[0.08680236974990069, 0.006720633283001756, 0.10323170590898766, 0.016497613823236397, 0.3971505464544223, 0.3895971307804511]
[0.06000851604137022, 0.11309936164214282, 0.20534393217312663, 0.6215481901433604]
[0.1400669576862009, 0.04025297143389769, 0.4119728290421876, 0.11826827751598565, 0.28943896432172816]
[0.07066727850669172, 0.023666991808975146, 0.004591809043647915, 0.6204175168473252, 0.2752704681521247, 0.005385935641235239]
[0.10102198895444191, 0.1881991593049829, 0.6695340178971825, 0.04124483384339257]
[0.1761285860588455, 0.08493356628473257, 0.07212378973818924, 0.042887936873949206, 0.6239261210442836]
[0.15193010640041577, 0.3341209076343655, 0.04058120794155599, 0.051797064827763147, 0.32234803487621255, 0.09922267831968712]
[0.1143899171586365, 0.3895183293010615, 0.08961666638045022, 0.4064750871598518]
[0.2508486915017029, 0.061494881318328996, 0.043535521571532614, 0.5626320195033601, 0.08148888610507544]
[0.0793128775025656, 0.0020804098175363907, 0.09665320812671133, 0.023024642469414477, 0.7882528237877645, 0.010676038296007728]
[0.1205784185285775, 0.3196084767416338, 0.5142592693882877, 0.04555383534150098]
[0.1561394578580351, 0.46857479086112586, 0.28051818235918646, 0.06867365731799631, 0.026093911603656258]
[0.11857210788690874, 0.11250327427395389, 0.06298678185835746, 0.35577940887732384, 0.04510059785932162, 0.30505782924413455]
[0.10588207917730019, 0.03994950420858937, 0.8073621091902412, 0.04680630742386917]
[0.17303575142958103, 0.5559595097976914, 0.1379054409939196, 0.06346284872773615, 0.0696364490510719]
[0.07141275242706473, 0.1442511197930471, 0.009613420776382988, 0.2615788522399583, 0.4855486515168582, 0.027595203246688765]
[0.13632632801208056, 0.1134905089447686, 0.060451851345995074, 0.6897313116971558]
[0.2672321127994715, 0.5527473096561317, 0.059660180364676484, 0.06276583300193204, 0.05759456417778844]
[0.09401148201242455, 0.013071070117189774, 0.5953570594206172, 0.03654721203701291, 0.020018206743252654, 0.24099496966950293]
[0.09686185489701919, 0.6112791211029829, 0.030647063984309504, 0.2612119600156883]
[0.27373536373674967, 0.12121961020346875, 0.04436509635893696, 0.2074830117744749, 0.3531969179263697]
[0.13155358970555686, 0.04714820724346206, 0.2332895680181702, 0.431440078054988, 0.028361529032450723, 0.1282070279453722]
[0.20949117052927593, 0.0661913349810015, 0.1365892727898883, 0.5877282216998343]
[0.21949784573106834, 0.13694734974454148, 0.04145745161488664, 0.06276175692013558, 0.539335595989368]
[0.07811291845959267, 0.012925488950802642, 0.018611501634760764, 0.7458393484509721, 0.12261668558319821, 0.021894056920673515]
[0.1607817672770084, 0.08941967964286918, 0.35956093368928643, 0.3902376193908361]
[0.11098664587959763, 0.11456010307543371, 0.04706531336150865, 0.03289845593015114, 0.6944894817533089]
[0.15763252198526526, 0.056918560615092144, 0.25080325202803, 0.03655826129331672, 0.45411672242487694, 0.04397068165341894]
[0.3148532751718812, 0.09376184823143209, 0.44242263848552593, 0.14896223811116083]
[0.15563039486076855, 0.042162151245466226, 0.41851205804074537, 0.3298089755568481, 0.0538864202961717]
[0.14238322244055104, 0.38086065915747197, 0.0607840319081771, 0.06937610546021437, 0.32878741391188293, 0.017808567121702583]
[0.11310909992721004, 0.025701648950717065, 0.02665498180775923, 0.8345342693143136]
[0.1854798242064453, 0.5407556372347168, 0.0894421463374452, 0.11024089373810929, 0.07408149848328359]
[0.10388787242586696, 0.30125609617365223, 0.03593976103876105, 0.04506540296461718, 0.03609135521641601, 0.4777595121806866]
[0.08020820296840082, 0.8621716658256569, 0.03170326088876434, 0.025916870317177935]
[0.2218757899251866, 0.059904797686345955, 0.09940395331873332, 0.574881928558382, 0.043933530511352195]
[0.07121597448748983, 0.009806706612488973, 0.03549573799630951, 0.2041026685218983, 0.5193287724374328, 0.16005013994438066]
[0.25251387122601654, 0.2866605452248553, 0.2641313038972572, 0.1966942796518709]
[0.08028550051184312, 0.02931487702629624, 0.013930532899466915, 0.8518563299344234, 0.024612759627970337]
[0.2278676513546534, 0.12076594366796356, 0.07627464423843297, 0.10932319566913574, 0.34891629014470954, 0.11685227492510468]
[0.30677842675067546, 0.1417317468561131, 0.05842748920529327, 0.49306233718791814]
[0.24748056434491714, 0.5473375020799217, 0.12856320977737556, 0.04104715697968338, 0.035571566818102106]
[0.09044463297267424, 0.011081383583976971, 0.054435616423078224, 0.009004353853533785, 0.5433742583522421, 0.29165975481449463]
[0.07749124023651653, 0.7375437726350846, 0.16914967429825037, 0.015815312830148434]
[0.14221431761695444, 0.41181091831846894, 0.09488640476483673, 0.029697665575544527, 0.3213906937241953]
[0.15451614378075848, 0.029081508866423786, 0.25033771399749305, 0.3345899583094431, 0.12086617494225314, 0.1106085001036284]
[0.18656782251459764, 0.4688247664227382, 0.2321098443928812, 0.112497566669783]
[0.12528969330767675, 0.3182279098785023, 0.3159747734707599, 0.19209355455989965, 0.0484140687831614]
[0.12507064278325047, 0.32448779727859106, 0.01273642311923751, 0.11721281836677937, 0.03988266475235537, 0.38060965369978605]
[0.11496690234449466, 0.03795039409767261, 0.01023963647349503, 0.8368430670843376]
[0.14786666994351355, 0.3276317168465385, 0.4154515424116094, 0.09628301752548825, 0.012767053272850281]
[0.12850774077109478, 0.4103608636293468, 0.021352037450697525, 0.010334595495795377, 0.36927307085736555, 0.060171691795699894]
[0.1667461208287293, 0.1748711286877871, 0.38577187965781645, 0.27261087082566726]
[0.12083960597158448, 0.19599299851840926, 0.5425886856736323, 0.09974796645983862, 0.04083074337653539]
[0.16108901169144238, 0.04963472255955818, 0.09110332172764508, 0.08267189295433859, 0.5110073875407135, 0.10449366352630209]
[0.2443743569582985, 0.10609720894378802, 0.18742826916956057, 0.4621001649283529]
[0.07559436483061995, 0.008406376393739786, 0.22705321647559587, 0.008528864077573299, 0.6804171782224712]
[0.14996592593040878, 0.06225966996525333, 0.2526699108129798, 0.0651214367462552, 0.4498753439174171, 0.020107712627685785]
[0.07566910619843065, 0.012632871376829776, 0.05997592836047066, 0.8517220940642688]
[0.13964344678311558, 0.11839401580950676, 0.44631207765755154, 0.11659285923975012, 0.17905760051007608]
[0.20394917027436296, 0.033727207362347966, 0.2063781310097143, 0.09146753980751898, 0.326177036805106, 0.13830091474094974]
[0.2543751072343949, 0.5457603309279088, 0.11389435120176114, 0.08597021063593518]
[0.13810828295693595, 0.06371113314804738, 0.7190337572568927, 0.04370633086440455, 0.035440495773719355]
[0.05952881095926267, 0.6147959657212312, 0.005647679087710423, 0.005467479278407959, 0.20280287205396483, 0.11175719289942297]
[0.07923036288795274, 0.04124223585042323, 0.18138521470121946, 0.6981421865604046]
[0.18696740319422578, 0.08677928519507877, 0.10452163585227264, 0.4517569059180537, 0.16997476984036916]
[0.12378697668688322, 0.009121247048637498, 0.1125829876006866, 0.29166366796523174, 0.016328751885022152, 0.4465163688135388]
[0.16455241140998716, 0.04469593183977553, 0.4935341035959743, 0.2972175531542631]
[0.08144586447019445, 0.010920820054008813, 0.09870644445104626, 0.8067986104212205, 0.0021282606035299663]
[0.08118635920057228, 0.03563195928942583, 0.13466074424295255, 0.11706963548674185, 0.6184701277424329, 0.012981174037874386]
[0.09714705539730105, 0.6109362156245186, 0.05128343394647364, 0.24063329503170663]
[0.18737529872176123, 0.10616541082735775, 0.05339458979280634, 0.15795915967802432, 0.4951055409800505]
[0.17257621015692842, 0.04250579288179424, 0.17844144625508665, 0.01843861793832648, 0.019676813287385377, 0.568361119480479]
[0.11332217789934661, 0.8452819851783232, 0.012593866699632316, 0.02880197022269801]
[0.07346261840324592, 0.01869227368871768, 0.5343371210321709, 0.21054839034777645, 0.16295959652808883]
[0.08620606424091432, 0.04948976955823302, 0.15964058278510296, 0.45178840215731775, 0.03224571213593922, 0.22062946912249257]
[0.0774268347454899, 0.010662266919051465, 0.1704692978469056, 0.7414416004885531]
[0.08009710629732979, 0.8527133726726975, 0.022791331960773514, 0.019547970436545405, 0.024850218632653732]
[0.10479338684603359, 0.35843320724400407, 0.007455773829567056, 0.2709453804001454, 0.19684298797467464, 0.06152926370557532]
[0.17056258794133916, 0.29568442905107606, 0.5146202974815066, 0.01913268552607817]
[0.0997591934636542, 0.016033586204388706, 0.42063987091840105, 0.41324236110257495, 0.05032498831098114]
[0.1225937479861752, 0.017784541365110765, 0.0709048964707183, 0.052997279870271446, 0.6516356748668186, 0.08408385944090573]
[0.29127358633261763, 0.223970668046348, 0.20303497900697415, 0.2817207666140602]
[0.2548077721999345, 0.10029615216281229, 0.14942517126234395, 0.40071014981696784, 0.0947607545579413]
[0.10258408423663842, 0.2291716396449188, 0.47464900117601544, 0.03247063740770893, 0.05629035569123265, 0.10483428184348577]
[0.318498128915721, 0.19787850137425667, 0.23685752510597743, 0.246765844604045]
[0.08036494561424128, 0.00973801586543828, 0.7692757300286084, 0.014131354455528919, 0.12648995403618313]
[0.12081251356048545, 0.05721677536945128, 0.35636200447921773, 0.027684406996984632, 0.04549228298768743, 0.3924320166061735]
[0.29127358633261763, 0.20303497900697415, 0.2817207666140602, 0.223970668046348]
[0.2703251205212567, 0.07649229886289141, 0.03295941423809269, 0.49164367617463894, 0.12857949020312032]
[0.06705077927056487, 0.11703416666297212, 0.013985268101070295, 0.7163851624552158, 0.08110486326864598, 0.00443976024153106]
[0.07905825042849848, 0.1800762529939096, 0.702269659961991, 0.03859583661560092]
[0.145011498811678, 0.20927602938898132, 0.5008335050316071, 0.08936587043855876, 0.05551309632917475]
[0.07086273640448301, 0.026716577919311518, 0.11840600548111672, 0.7201255131475975, 0.05438920826047212, 0.009499958787019095]
[0.30646287563205965, 0.4990873789731432, 0.03815221566348351, 0.1562975297313136]
[0.16150460785229895, 0.3378015995670863, 0.3423679729524001, 0.10073472738786518, 0.05759109224034951]
[0.1615257527293614, 0.26407369465902253, 0.09654740140222223, 0.34893836664966366, 0.06823383760283738, 0.06068094695689285]
[0.20806992135227356, 0.058257155193413304, 0.6293956261476051, 0.10427729730670811]
[0.2654070547534442, 0.34317817692941566, 0.13650476592660019, 0.19573059630998688, 0.05917940608055308]
[0.06581371269174964, 0.088552492270607, 0.0828729197614602, 0.022269515046974844, 0.7311020621578851, 0.009389298071323035]
[0.10993725846764997, 0.20169769516278957, 0.007568177158411082, 0.6807968692111495]
[0.12922095878125298, 0.030147548362830418, 0.024172355815737016, 0.26417155875878845, 0.5522875782813912]
[0.1357385021062514, 0.10741199297665789, 0.23979700926819192, 0.07497664459634396, 0.4213709996458283, 0.02070485140672664]
[0.23974796944935414, 0.03722007636505155, 0.09406859488243347, 0.6289633593031608]
[0.16765975459819757, 0.05713172789084174, 0.052358151554806144, 0.363262871089405, 0.3595874948667496]
[0.07086422970418, 0.7208689224826744, 0.0545390986227521, 0.11859773686170988, 0.008926508503844261, 0.02620350382483915]
[0.09189334214791303, 0.24328508941487997, 0.5859759840819635, 0.07884558435524341]
[0.15715065257515048, 0.03521631971302398, 0.3177979090997123, 0.4511790930830646, 0.03865602552904859]
[0.11992198972150404, 0.3111620745532642, 0.3452923757710313, 0.11370578922658808, 0.07622694852847815, 0.033690822199134086]
[0.2589319149348038, 0.3696500341488787, 0.1557534352251408, 0.21566461569117662]
[0.1729748635491494, 0.30680098452838767, 0.037465903980339915, 0.053951460209694733, 0.42880678773242836]
[0.19220651825459492, 0.17080840147078571, 0.4748317158754732, 0.09327671747076409, 0.050512694409592204, 0.018363952518789955]
[0.31701140671914485, 0.0674808329448732, 0.5110021748752094, 0.10450558546077261]
[0.24577843585684256, 0.02913572674659192, 0.05256480749945378, 0.07759282195864681, 0.594928207938465]
[0.08026122316172991, 0.007778121591091979, 0.012550705845809227, 0.013620873327263748, 0.8612491000137871, 0.02453997606031798]
[0.17640922278619733, 0.5924855406400521, 0.16396928997005414, 0.06713594660369653]
[0.15575543739806122, 0.07196341804799096, 0.0954021199808031, 0.3436718515195933, 0.3332071730535515]
[0.11684247708306476, 0.33834923634131064, 0.05977762824968955, 0.4390053546479454, 0.02374282304792486, 0.02228248063006473]
[0.2668691682415318, 0.12084840094640745, 0.5404888115468973, 0.07179361926516356]
[0.14852692025299097, 0.09855655845861233, 0.5576074363663268, 0.06363860347677142, 0.13167048144529864]
[0.09495892013570173, 0.048028931979642496, 0.07868314148490917, 0.016633029101756625, 0.33656127941847996, 0.42513469787951]
[0.08812729604277193, 0.12601287472488423, 0.7625288210222156, 0.023331008210128304]
[0.24468878653755088, 0.1605441511016995, 0.23305638419254973, 0.08956225680246273, 0.27214842136573714]
[0.06592398348651453, 0.02609123808271399, 0.7047027087076217, 0.009389398715578715, 0.11544253464145862, 0.07845013636611221]
[0.24927712072331054, 0.025483253641139198, 0.028866381080976555, 0.6963732445545737]
[0.12551010381153158, 0.03690481141940986, 0.263070626238726, 0.03271497177655064, 0.5417994867537819]
[0.14811483284509738, 0.07997858800841044, 0.3034097039065813, 0.32563830773583036, 0.08880406502305996, 0.054054502481020505]
[0.12244205560402822, 0.5275274594513312, 0.017665459534675035, 0.33236502540996565]
[0.11621493181156005, 0.5455615307213856, 0.23854119043021807, 0.059759425357540454, 0.03992292167929591]
[0.10219272293343552, 0.05545848920892155, 0.02321209687607131, 0.7762138577397291, 0.02042284103581046, 0.022499992206032045]
[0.08366046674969642, 0.026132268935854065, 0.0035056345053290387, 0.8867016298091205]
[0.25176280576044313, 0.4407251218617572, 0.035570240633031984, 0.1503879498397025, 0.12155388190506507]
[0.1182353398563109, 0.13241531487622488, 0.050724763994027235, 0.02650518557641983, 0.2808559170761676, 0.39126347862084954]
[0.16002919833619567, 0.4307579352888342, 0.07036787420470615, 0.33884499217026387]
[0.12113820954998203, 0.3822764036171064, 0.0258839170055346, 0.1241507819533439, 0.3465506878740329]
[0.21470242895738856, 0.07313382779501669, 0.40814595674939597, 0.12615946950877827, 0.059548959103087024, 0.11830935788633333]
[0.20574152563379258, 0.18045465622800277, 0.10126642749732494, 0.5125373906408798]
[0.14006328246279343, 0.07988166312803567, 0.4274006560966425, 0.3165665860824114, 0.03608781223011682]
[0.12643395243461505, 0.017304758278169345, 0.45763740988627216, 0.2961476896227846, 0.055305631495655004, 0.047170558282504035]
[0.22013720997984237, 0.07259187959641225, 0.12149809788980259, 0.5857728125339429]
[0.26653602700931583, 0.09633524079887865, 0.4029675710602654, 0.12263472716620642, 0.1115264339653337]
[0.09744768656093156, 0.017890920397515383, 0.28748820188335406, 0.3725926110606115, 0.21256925505119523, 0.012011325046392273]
[0.2668691682415318, 0.12084840094640745, 0.07179361926516356, 0.5404888115468973]
[0.1722444100966035, 0.16979314599219691, 0.08306054126356846, 0.024701810396201274, 0.5502000922514299]
[0.09617444595881773, 0.6054515456741059, 0.05832868611772921, 0.17663712560908773, 0.024780229595780252, 0.03862796704447929]
[0.28509131851948427, 0.445653296122103, 0.10163077982695828, 0.16762460553145445]
[0.27251355723916465, 0.3524800287793953, 0.06199380162971822, 0.11026060189086481, 0.2027520104608571]
[0.0849274579088026, 0.03609214136119138, 0.49792504662926196, 0.04586960568752819, 0.1791922381665246, 0.1559935102466913]
[0.14331674128149502, 0.7530546929471662, 0.07060023579159207, 0.0330283299797468]
[0.13190691380386887, 0.5925092959711868, 0.029683636521423064, 0.21160749148478716, 0.03429266221873404]
[0.07148492003985016, 0.00833607108079133, 0.2777376157090445, 0.00544296252652536, 0.009484002122478057, 0.6275144285213106]
[0.21482219807117497, 0.3574637948381316, 0.3044306740188601, 0.12328333307183337]
[0.06725793436976438, 0.09098186326248921, 0.7550114236402294, 0.08489270285326268, 0.0018560758742542849]
[0.0917531002777575, 0.04302909606308404, 0.22427312240855812, 0.0750430025247882, 0.353952665688828, 0.21194901303698416]
[0.16663230088700276, 0.4888981434672182, 0.27337534210436976, 0.07109421354140925]
[0.1078174178788401, 0.38217997123972797, 0.06455753516226641, 0.2989443854229072, 0.14650069029625842]
[0.06925310268735663, 0.008473985314121817, 0.051929022356718174, 0.15727454924263679, 0.5502731489394526, 0.16279619145971408]
[0.10647805337460246, 0.026080468128329634, 0.809380539730257, 0.05806093876681088]
[0.08893938070294724, 0.010459428115831091, 0.36334699133988607, 0.5276195047874433, 0.009634695053892157]
[0.11383267131595695, 0.34418346038142017, 0.0189056641808642, 0.12421619657450808, 0.013887852699738053, 0.38497415484751246]
[0.19260318688102585, 0.2575821756875568, 0.5001038929153708, 0.04971074451604648]
[0.06571167832183683, 0.006043495892853161, 0.12042659803823887, 0.7887481471033705, 0.019070080643700797]
[0.15327574919717762, 0.010597850734090234, 0.015233418140407053, 0.5292688333437442, 0.24728771815027722, 0.04433643043430366]
[0.16366092049788933, 0.43975921928795325, 0.04975274732024681, 0.34682711289391055]
[0.24377007768207287, 0.021624359739561266, 0.01394108323506336, 0.6728330329724036, 0.047831446370898915]
[0.1488146595816254, 0.04795657543109101, 0.03489603002569502, 0.041520065379117156, 0.4313930701862924, 0.2954195993961789]
[0.19097063741883702, 0.1248196541287192, 0.5511482152130307, 0.13306149323941305]
[0.10175518815460118, 0.6364359299719994, 0.05317835882148803, 0.17222136768118507, 0.036409155370726275]
[0.09061486411530861, 0.2680733381025912, 0.29009992694638953, 0.034010096199661694, 0.28756731982123396, 0.029634454814814918]
[0.2976753721131035, 0.3040482022700156, 0.18392842356402034, 0.21434800205286045]
[0.15017335106596344, 0.3142193620800267, 0.06837440264941183, 0.4029346234303394, 0.06429826077425871]
[0.09055164168392488, 0.23166691008336898, 0.05768366809667909, 0.02263186175985992, 0.01668009193252618, 0.5807858264436411]
[0.24269411231140456, 0.04741821920811118, 0.05149538259171102, 0.6583922858887733]
[0.08075913551763242, 0.8003273621948195, 0.09841790263001059, 0.010879502104364414, 0.00961609755317319]
[0.15367452206622725, 0.055952280198689856, 0.04782474849024879, 0.08575863096993894, 0.3277505368090142, 0.32903928146588113]
[0.2496060686172286, 0.025111444026856618, 0.037858887742650754, 0.687423599613264]
[0.16515349967445564, 0.11583180948831187, 0.35563594150402367, 0.09484830494208017, 0.2685304443911288]
[0.0911248019963439, 0.030382579800451934, 0.33681035101537316, 0.268161043605733, 0.04728087586488144, 0.22624034771721652]
[0.3245497880208927, 0.10731939218818615, 0.09716231812770951, 0.47096850166321175]
[0.2452871045738978, 0.022152569025578304, 0.024968503765626825, 0.0533686293236835, 0.6542231933112135]
[0.09234729259319982, 0.07586820255373779, 0.01699807048115303, 0.3981620870616796, 0.40648634596782496, 0.010138001342404645]
[0.23598173204356632, 0.6698474924904715, 0.07020916502214791, 0.02396161044381417]
[0.09933773996490539, 0.03490075244069955, 0.6258643520206563, 0.17237749835360153, 0.06751965722013718]
[0.08471620871467152, 0.49300611279930323, 0.019698007399549817, 0.019121730874539878, 0.04029312987637247, 0.3431648103355632]
[0.08286280899634128, 0.03662942536552934, 0.8770083470214163, 0.0034994186167132033]
[0.11216747702532721, 0.03407735092250164, 0.4687556329573568, 0.36723115883689933, 0.017768380257914912]
[0.12255589154799729, 0.021335335672402134, 0.04989104140597366, 0.09946284149510963, 0.6539423860326649, 0.052812503845852336]
[0.27999158124729917, 0.13189707513698806, 0.1377171624470261, 0.4503941811686867]
[0.07997639065902529, 0.7915782482113971, 0.01963622031328211, 0.09601101313706413, 0.012798127679231426]
[0.15409539411344883, 0.03296603804849658, 0.2557037488392458, 0.45437676796465987, 0.05611285427554336, 0.04674519675860547]
[0.24917991793639632, 0.08672488658948961, 0.0746684949962273, 0.5894267004778868]
[0.15381341255562994, 0.5316496176303998, 0.24845906080770633, 0.041553642021013706, 0.024524266985250422]
[0.10636643145020432, 0.2935130097626962, 0.4388677363171646, 0.010914057972485883, 0.12393849716255563, 0.0264002673348935]
[0.1876897397348725, 0.6016685150913691, 0.02669017382887812, 0.1839515713448803]
[0.10270886058943025, 0.6758827665441673, 0.14700845065471038, 0.055192598946205144, 0.019207323265486874]
[0.07327211041428866, 0.1429813618298835, 0.26724847270565294, 0.010208596835918585, 0.4964290261051836, 0.009860432109072892]
[0.15829571047101879, 0.2570989145024156, 0.03277896820227723, 0.5518264068242882]
[0.10122101203111704, 0.41334744469668266, 0.4088479580635619, 0.021424543399538813, 0.05515904180909969]
[0.10329610308195089, 0.7766136566469902, 0.021413751295176187, 0.032550749256115265, 0.056313911182252825, 0.009811828537514508]
[0.22768152129245714, 0.09463850267787723, 0.0806152190746161, 0.5970647569550497]
[0.131324914862855, 0.16463798114850242, 0.045092122056901544, 0.051298216072031534, 0.6076467658597096]
[0.10184568847880363, 0.039816917706343456, 0.7705212817464091, 0.020303956435215015, 0.054600978125940065, 0.012911177507288575]
[0.33073663618266197, 0.15177370908751417, 0.2629137681307651, 0.25457588659905883]
[0.09336497905915042, 0.02595973276131964, 0.02242913330610214, 0.7739384165628619, 0.08430773831056591]
[0.10554980402324189, 0.12306957472221826, 0.027180778033526306, 0.43547214265215817, 0.29099657101963067, 0.017731129549224737]
[0.11237751964219837, 0.8326250348777908, 0.02920888695280526, 0.02578855852720546]
[0.26087958933099814, 0.11825813307895539, 0.05719557914751229, 0.34090182420115467, 0.22276487424137942]
[0.10699813026656607, 0.37232140372714373, 0.2794926670294046, 0.18544055065390005, 0.024574669521324293, 0.031172578801661154]
[0.28314721441883106, 0.28325082994449235, 0.20403395284176237, 0.22956800279491424]
[0.12452114659633198, 0.025180510480340368, 0.025618061324780603, 0.3583542849177468, 0.46632599668080044]
[0.0907870085481116, 0.22174362506257567, 0.16688856203460128, 0.03209116542883089, 0.4667553164770555, 0.021734322448825175]
[0.19337742882336914, 0.6301123663827087, 0.06197331279299399, 0.11453689200092812]
[0.09959340785473267, 0.004850479811501784, 0.28709227568825535, 0.19211897143533244, 0.4163448652101779]
[0.12450556667402968, 0.00814386109991507, 0.06790467298425831, 0.30876207868311717, 0.46821957712609036, 0.022464243432589476]
[0.23055276015623788, 0.15733616165221076, 0.5746299151998676, 0.037481162991683914]
[0.10846739788075667, 0.03595344244730209, 0.32568956677231975, 0.4220877059570705, 0.107801886942551]
[0.06511374885118829, 0.0199033881620842, 0.7815711007378418, 0.11933080176798776, 0.006673396758738495, 0.00740756372215953]
[0.22300704246510936, 0.06893406765363104, 0.12142781865086702, 0.5866310712303925]
[0.09403313628989148, 0.016918389216684246, 0.043277428109327866, 0.595268992595294, 0.2505020537888025]
[0.0823473784881939, 0.02010580068598327, 0.010734910635841364, 0.6309980976925467, 0.11882356779283337, 0.13699024470460144]
[0.14085930572586558, 0.3306443891906574, 0.024581097600618697, 0.5039152074828582]
[0.1342707642734938, 0.3151004379603541, 0.013355741412327702, 0.050586215481884786, 0.4866868408719396]
[0.10456394332216873, 0.007603796515080992, 0.7934626913491728, 0.014500888581826387, 0.023853751218861255, 0.05601492901288981]
[0.14810522316766786, 0.4477889716618733, 0.07287358156039588, 0.3312322236100629]
[0.11000529245553492, 0.027200444496244324, 0.025252277231220442, 0.8089174143942359, 0.028624571422764318]
[0.10999741905352527, 0.4584794612490666, 0.018172321435872846, 0.36635581517156107, 0.022801911891868063, 0.02419307119810621]
[0.28016667919984667, 0.18484226192105835, 0.5158114852167638, 0.01917957366233111]
[0.14707113427492396, 0.26204286746696603, 0.0745048290232646, 0.07309261391685962, 0.44328855531798567]
[0.08862791639925562, 0.22256314943432498, 0.4673516361459649, 0.16151922924467016, 0.02191769479726936, 0.038020373978514814]
[0.2962996857935791, 0.10502274841079093, 0.47150289352834873, 0.1271746722672813]
[0.10694796290154822, 0.02662861762286751, 0.7743156322628858, 0.034016119045737585, 0.05809166816696095]
[0.07851866734445848, 0.5725564848342797, 0.10524927538056639, 0.017483889462859514, 0.056588979163668555, 0.1696027038141673]
[0.18111201479809416, 0.597453598090496, 0.04968002917637066, 0.171754357935039]
[0.1874649084667586, 0.12583354262992905, 0.5007655446035002, 0.1035402653852007, 0.08239573891461158]
[0.13869107212512224, 0.04718047566055989, 0.5765095177360683, 0.10972000316170756, 0.10705082602393566, 0.02084810529260649]
[0.08526008538242139, 0.012789705008963157, 0.011565771134427234, 0.8903844384741882]
[0.06083113189973519, 0.10132965656567446, 0.005986035865597755, 0.25691732624451613, 0.5749358494244764]
[0.07445816719941287, 0.008506658115126473, 0.017299278016131604, 0.010865556738558279, 0.6687015794475399, 0.22016876048323084]
[0.06990236682084484, 0.3233051328973133, 0.13814620123696353, 0.4686462990448783]
[0.08212601265066577, 0.039374080171659845, 0.04739643789074662, 0.7122271577480922, 0.11887631153883553]
[0.08010462692571405, 0.06680353155038078, 0.3399733753488565, 0.0122812935800884, 0.009880320955374496, 0.49095685163958586]
[0.2813965944556281, 0.05315919845972395, 0.18289931773995624, 0.48254488934469164]
[0.11275124330938985, 0.4905727252328312, 0.04544011807150026, 0.30775571456253586, 0.043480198823742794]
[0.131026365684183, 0.045032401479936666, 0.2867717516551109, 0.4054473510274048, 0.05327153676734694, 0.0784505933860178]
[0.1771753828955345, 0.37849150556183714, 0.3849266884987759, 0.05940642304385242]
[0.07916035047394195, 0.22486629715029308, 0.10943781564988418, 0.5625117310007772, 0.024023805725103473]
[0.07931505147369315, 0.016553645462605272, 0.011287806023202361, 0.7791932722216898, 0.09437616208598025, 0.019274062732829337]
[0.2808668291225604, 0.17329805864340797, 0.506630453024452, 0.03920465920957954]
[0.08936769561954815, 0.06829452210736839, 0.2851032608634683, 0.2853045000211134, 0.27193002138850186]
[0.15773351653495984, 0.09665140625829392, 0.045947267823686536, 0.42112530903409395, 0.18360199364850804, 0.09494050670045781]
[0.1105558238781918, 0.24800111703719527, 0.31720086510617074, 0.32424219397844206]
[0.13821975537927308, 0.3711827796524282, 0.022937536002616887, 0.07001988328141084, 0.397640045684271]
[0.08988675377502266, 0.018219048479369532, 0.007273470238826999, 0.05461335690578857, 0.5390204974939442, 0.29098687310704796]
[0.28568868044618057, 0.015405043225767252, 0.18151104416166683, 0.5173952321663853]
[0.11871271977576509, 0.5332563046583934, 0.2593637016714035, 0.015207485550025804, 0.07345978834441218]
[0.144465395826093, 0.02226096713064367, 0.06699787663069715, 0.11151073481435379, 0.6030782556789569, 0.05168676991925569]
[0.18177034328107786, 0.6187895148796717, 0.030150211451602738, 0.1692899303876477]
[0.24473978446405834, 0.5246799252714627, 0.09134364390384432, 0.10457302424714936, 0.0346636221134854]
[0.1274538850252715, 0.0635884248475418, 0.38723248335000554, 0.0537109091741573, 0.013437784091396758, 0.35457651351162717]
[0.2114413212991425, 0.08206457607971326, 0.049721310593271485, 0.6567727920278728]
[0.19597809994242013, 0.287298277776131, 0.42144521151083403, 0.052997054210476, 0.04228135656013894]
[0.07240726577664014, 0.05661874739409957, 0.009492174559904127, 0.823289455807921, 0.02810389591971178, 0.010088460541723361]
[0.11394478587623712, 0.02531385604785347, 0.4785442620273891, 0.38219709604852037]
[0.23381645305617263, 0.1680541899479663, 0.36087157583066976, 0.13056149535099568, 0.10669628581419553]
[0.07503690982380073, 0.008945805547443477, 0.22429018002376666, 0.008508024679174355, 0.004441396854341965, 0.6787776830714729]
[0.10590464252846717, 0.01796763970173614, 0.1579231290039327, 0.718204588765864]
[0.1297269303089688, 0.7265158901705255, 0.03625462403692662, 0.05581362082538124, 0.05168893465819772]
[0.11114859021293827, 0.1908197085549819, 0.5295954592372114, 0.05731865365887822, 0.04662687755958817, 0.06449071077640202]
[0.06370373239348842, 0.07520592820010424, 0.26587335944890333, 0.5952169799575041]
[0.17588039122357207, 0.08505674831756897, 0.14328473634658856, 0.2770464536458495, 0.31873167046642104]
[0.09518686566882167, 0.052113862131674786, 0.5935035330275967, 0.01869073639670808, 0.007884736760458868, 0.23262026601473984]
[0.2639949004850502, 0.015242637890758944, 0.5817635671629551, 0.1389988944612356]
[0.19259852541579617, 0.017919272605094422, 0.030020439376835566, 0.1540089988126881, 0.6054527637895858]
[0.08807383881617896, 0.04219476356086095, 0.2317235324690311, 0.06673045715443414, 0.01544088971099878, 0.5558365182884962]
[0.10631533138461406, 0.7960415490502065, 0.05922109335918329, 0.03842202620599623]
[0.12220012961910258, 0.5280985193427453, 0.25449216090501214, 0.04401441617432263, 0.05119477395881706]
[0.10504727814428211, 0.05010913811612153, 0.22767593689698593, 0.1067667297088314, 0.032534120410602156, 0.4778667967231769]
[0.15075234954334257, 0.4412762863304549, 0.017306455102011533, 0.39066490902419093]
[0.0929271107335558, 0.5583936221375518, 0.00719614335514656, 0.29947359551039854, 0.042009528263347286]
[0.22623430878665232, 0.010404179610653996, 0.11427265311703054, 0.15092131447396548, 0.03080171027220744, 0.46736583373949026]
[0.253398702335641, 0.17084838980882283, 0.2963904899139656, 0.27936241794157074]
[0.24400903299063675, 0.11784431287190032, 0.18138500942033942, 0.3213383059458344, 0.1354233387712893]
[0.08944210261484047, 0.19980587239703287, 0.37414369855377255, 0.0527689325607982, 0.02714777256979913, 0.25669162130375667]
[0.08751652190571207, 0.03142580383051572, 0.1263014815213951, 0.7547561927423772]
[0.16264514043884623, 0.020163656068004184, 0.44127553127826824, 0.23372709070901562, 0.14218858150586558]
[0.10009914885463586, 0.4721539958061515, 0.30079030030859505, 0.02377387796809749, 0.08905880333377453, 0.014123873728745627]
[0.2120850464763191, 0.517861692897535, 0.14567332784245113, 0.12437993278369464]
[0.09002110047650101, 0.56895615150686, 0.049345838702336935, 0.05226692293718677, 0.23940998637711525]
[0.15097900801578046, 0.08255904606204277, 0.32095705170362615, 0.08506314765087408, 0.33292586732438045, 0.02751587924329595]
[0.1398116826878245, 0.0572407614345666, 0.7392872814418954, 0.06366027443571352]
[0.20399017229502384, 0.18246268599040616, 0.036609001367578, 0.38894577519598084, 0.18799236515101117]
[0.07857563653472434, 0.06455586614480122, 0.33675892781910516, 0.48235825105477054, 0.03451684557361126, 0.0032344728729874522]
[0.12605134794747624, 0.015002312391761816, 0.4848992406297119, 0.37404709903105]
[0.14855750143287008, 0.3100081742644462, 0.0606979518075801, 0.39589138081917746, 0.0848449916759261]
[0.10026876815245327, 0.03611043944583297, 0.034925075028011114, 0.2914920738517551, 0.07228711830023994, 0.4649165252217078]
[0.18881797991121574, 0.011639195138659962, 0.6060931315679564, 0.193449693382168]
[0.08801724642477518, 0.7587431635874766, 0.12710880140202313, 0.012211502832129463, 0.013919285753595615]
[0.18709809374299002, 0.03741942232779663, 0.018987901631961557, 0.5850873361147116, 0.025749250231897704, 0.14565799595064258]
[0.08895982779362215, 0.1277591220144832, 0.7674668255144272, 0.01581422467746741]
[0.06891027631958387, 0.016767515633535558, 0.08657799287449035, 0.009895709984208516, 0.8178485051881819]
[0.06969619831440203, 0.6194269867414502, 0.00494160447651085, 0.2752529876502593, 0.019264721953340645, 0.01141750086403697]
[0.21651144146204407, 0.10556912290025207, 0.6563226606841538, 0.02159677495355009]
[0.18816097258508657, 0.018263225506863642, 0.5668411130621569, 0.17251924188865983, 0.054215446957233154]
[0.13631062420851864, 0.06358272918693733, 0.37842335559204376, 0.32315342174853307, 0.0751223844361938, 0.02340748482777336]
[0.20799895775481103, 0.6299470323543974, 0.06409857782591534, 0.09795543206487607]
[0.22590289344176226, 0.08959491865923057, 0.16767265416460717, 0.1087523167283441, 0.40807721700605587]
[0.12398658105839931, 0.2584351930877227, 0.014654180940523415, 0.028806731348093455, 0.5342043662082863, 0.03991294735697487]
[0.2665380308228731, 0.4262348379760911, 0.2128413752671483, 0.09438575593388739]
[0.19118661540242046, 0.593715868472889, 0.015463277274509774, 0.1593218799899939, 0.04031235886018686]
[0.17260230567089904, 0.17582659030234668, 0.047778810266988415, 0.5502947242024576, 0.0466724911156975, 0.006825078441610979]
[0.15310092328873084, 0.3351807881345745, 0.464358697978313, 0.0473595905983817]
[0.13650598091829574, 0.035589199900131374, 0.0578820238229806, 0.05241209496312166, 0.7176107003954706]
[0.17489148119578002, 0.20064277565508762, 0.028642254465042278, 0.05624127939021298, 0.5044266164691066, 0.03515559282477036]
[0.16983865946084575, 0.5193076378696289, 0.01994130107531483, 0.29091240159421056]
[0.10243501205495666, 0.035062350437681175, 0.031912808356899094, 0.643304047967835, 0.187285781182628]
[0.09735117161659512, 0.43661973865003073, 0.27773835916132544, 0.06619873921913695, 0.09767501912670187, 0.024416972226209796]
[0.10854486693571679, 0.014638627274573462, 0.8176411273046382, 0.05917537848507152]
[0.07884131320720171, 0.024512053929870638, 0.10855091233301699, 0.22479606664855095, 0.5632996538813598]
[0.172006176447131, 0.5094412459078155, 0.012413164550253512, 0.07754192553524177, 0.030044456731378275, 0.19855303082817988]
[0.08022619222084187, 0.7979432608361341, 0.09751263604571414, 0.02431791089730998]
[0.2216120988317737, 0.08583309610205019, 0.23939982503430932, 0.052689896068686765, 0.40046508396318004]
[0.10481127102667692, 0.040533240296899774, 0.4828752085860453, 0.29864790486425885, 0.03895716526415824, 0.03417520996196077]
[0.15275267270493523, 0.040182924378227056, 0.13541080488896332, 0.6716535980278745]
[0.10163796940189204, 0.009258019782701318, 0.4175039212254926, 0.05572107315461334, 0.4158790164353005]
[0.09206489122185783, 0.5553358311253962, 0.03497569911876116, 0.010405682924599334, 0.008574036255151822, 0.29864385935423376]
[0.075184012646425, 0.2226550229559589, 0.6757205617563845, 0.026440402641231608]
[0.07663815658165303, 0.017639304329458552, 0.7267806427669612, 0.009873309149018331, 0.16906858717290885]
[0.14739909637665277, 0.009530960350175774, 0.010150558135917663, 0.3301036356337505, 0.4442627623979783, 0.05855298710552501]
[0.10364622639165755, 0.6937913762958436, 0.05073807708530955, 0.15182432022718922]
[0.15687635806217765, 0.5420767263206776, 0.031712203717284504, 0.012599360298466448, 0.25673535160139377]
[0.07201623740828841, 0.05533136027680892, 0.7330837810636767, 0.12053861608542461, 0.009251852719349604, 0.009778152446451756]
[0.1892705909370589, 0.5461466596237647, 0.11385055729343985, 0.1507321921457365]
[0.0625097678032127, 0.6653206497202249, 0.008547511476763229, 0.11315276237411628, 0.150469308625683]
[0.12243986780379029, 0.02233335350450485, 0.5230134316732559, 0.03616788569015104, 0.04813193830290346, 0.24791352302539443]
[0.1361669636936671, 0.07489295557315193, 0.6250274137179822, 0.16391266701519874]
[0.06560378497064596, 0.012929005070737533, 0.12047402223730354, 0.7934864443108373, 0.0075067434104757625]
[0.22858427463601022, 0.13577505498299713, 0.32670599103766707, 0.07238828601476303, 0.08973261200825039, 0.1468137813203121]
[0.13392253686876804, 0.38246949218739, 0.43318746277268255, 0.05042050817115954]
[0.10848313191224591, 0.01012521391502156, 0.051716928983487134, 0.028626157693160837, 0.8010485674960844]
[0.16457710323850294, 0.4462122728895764, 0.0767571736729501, 0.07393839510231923, 0.019357617786992024, 0.2191574373096592]
[0.17603597727749704, 0.42893001018933224, 0.08168257713904871, 0.313351435394122]
[0.18435310225552246, 0.027871865909075647, 0.1789416018741536, 0.04784070515873884, 0.5609927248025095]
[0.08992319960045653, 0.033190357713082264, 0.22663782163865048, 0.05644586238420326, 0.02323222800991749, 0.5705705306536901]
[0.27351751279294023, 0.15617047640455006, 0.33152933639547766, 0.23878267440703213]
[0.248175899105438, 0.46199775671729565, 0.027536737413271836, 0.1599703673647867, 0.10231923939920773]
[0.15225591180032463, 0.4370810147623723, 0.06312567591303939, 0.05101548409663475, 0.2429714169451401, 0.05355049648248875]
[0.10814093383633201, 0.4401545797571936, 0.009257386308733196, 0.44244710009774124]
[0.11367696029133996, 0.017504452758313117, 0.476495442492319, 0.3739500644340813, 0.01837308002394673]
[0.07922216501464728, 0.7819497949674123, 0.022948074122051233, 0.01870876740517225, 0.09538920333935479, 0.0017819951513620346]
[0.13392253686876804, 0.38246949218739, 0.05042050817115954, 0.43318746277268255]
[0.16171358293618135, 0.029571786833836856, 0.03466115453291221, 0.48486129454760457, 0.28919218114946504]
[0.15266927161315053, 0.28046499688809856, 0.1697670387601786, 0.2494885842701128, 0.04330257699326744, 0.10430753147519184]
[0.1307773600552529, 0.01642442908423794, 0.5739413935748215, 0.27885681728568756]
[0.10517897824113168, 0.4316038146711926, 0.01951192860697953, 0.017063106206788997, 0.42664217227390727]
[0.10190419973104307, 0.02509319202696026, 0.018944409968084823, 0.3126919160598802, 0.3990523098672197, 0.14231397234681184]
[0.08321830996814229, 0.8741981130427712, 0.028139747456620054, 0.014443829532466456]
[0.2710991527728651, 0.49933515956865115, 0.04121723055444935, 0.17563795185565276, 0.012710505248381762]
[0.09409875292209191, 0.3609174377981551, 0.2773072113166462, 0.04266962831719502, 0.2106466589803749, 0.01436031066553687]
[0.17806767763319298, 0.38149730002104276, 0.38924416740694506, 0.05119085493881929]
[0.1496524657948794, 0.04429920575328352, 0.3120344053259533, 0.05571685024026121, 0.4382970728856226]
[0.20539206741187277, 0.6120254236141236, 0.05343229057395653, 0.01533149653967311, 0.01786926134647978, 0.09594946051389414]
[0.2622185161536721, 0.1886588524173512, 0.0872174812917415, 0.46190515013723527]
[0.07886560134601305, 0.5821226151502534, 0.17270318078612332, 0.05905398525522183, 0.10725461746238821]
[0.10980822755583651, 0.03331099743774371, 0.03861521864263378, 0.4250405430101682, 0.3316440171624042, 0.0615809961912134]
[0.24289025462624272, 0.1408783749453976, 0.18008851825343056, 0.43614285217492926]
[0.24943947104230196, 0.06033644742173493, 0.06119269233870346, 0.029352479745027953, 0.5996789094522316]
[0.09887587151569667, 0.054451736553182806, 0.028719178286899075, 0.6645337553192986, 0.14627860687863062, 0.007140851446292289]
[0.31810143148933556, 0.10644135810848514, 0.31701565007767546, 0.2584415603245038]
[0.20343356033218843, 0.09943488968770789, 0.200354499516591, 0.3099422148351188, 0.18683483562839398]
[0.1989033951685049, 0.07912370458074658, 0.10496810900509738, 0.034878528938729066, 0.3940460090768853, 0.18808025323003685]
[0.3300943358465425, 0.2020172899784977, 0.1503377600145553, 0.31755061416040437]
[0.15328488363188858, 0.1316666606143586, 0.15197518397006793, 0.0816010872433857, 0.4814721845402992]
[0.08538688895332491, 0.34781568308654187, 0.5042091601961824, 0.012335845862727275, 0.03987374577087373, 0.010378676130349642]
[0.11427689167604967, 0.02347832558121048, 0.8281075051307942, 0.034137277611945564]
[0.17737654331327232, 0.02565722239077324, 0.04424066939443354, 0.5713830891240239, 0.1813424757774969]
[0.16064878456952425, 0.029972299763940634, 0.07698540858390157, 0.04454401420397735, 0.34854198166800715, 0.33930751121064906]
[0.0841179464742355, 0.007588888667849635, 0.02032306688629407, 0.8879700979716207]
[0.09249633934249388, 0.7593247156718937, 0.0559054845297817, 0.07965841972464045, 0.012615040731190222]
[0.14475778884817309, 0.03191311106251402, 0.050210900852032475, 0.4332552663344033, 0.02980542450093384, 0.3100575084019433]
[0.21554374911029792, 0.6526816917295166, 0.02863483148037195, 0.10313972767981354]
[0.06975198608594463, 0.8331888263104639, 0.0027069610942604314, 0.006515807120363569, 0.08783641938896747]
[0.1578520741717997, 0.06704441794760509, 0.26527302340247205, 0.10263883462529082, 0.377155531306658, 0.030036118546174394]
[0.32219177742148064, 0.27194141692080637, 0.2669557369655426, 0.13891106869217054]
[0.07987898827426676, 0.011202021157259026, 0.022309174730095208, 0.09662801980459881, 0.7899817960337802]
[0.08094520340110284, 0.41128829249720794, 0.24564195196531063, 0.1775509320766722, 0.0438921205387266, 0.04068149952097972]
[0.29529373293801464, 0.06464539152934715, 0.5584145671146215, 0.08164630841801664]
[0.2624374378213292, 0.01585591531937625, 0.6136964663452883, 0.039373226894825544, 0.06863695361918058]
[0.15532013609725442, 0.024568853439230914, 0.46378188331260306, 0.07460598247055138, 0.015347238576383902, 0.26637590610397643]
[0.10463329701029297, 0.03763668919736848, 0.6727210261831149, 0.18500898760922366]
[0.0723862871342419, 0.005022226654010245, 0.006220111071348803, 0.2812946021537145, 0.6350767729866847]
[0.08010654681729026, 0.007920496569409368, 0.03038934166949759, 0.40040248802066253, 0.3105731160071962, 0.17060801091594416]
[0.15053168228912597, 0.04893919152073266, 0.7671073062885205, 0.03342181990162073]
[0.2240595200584033, 0.021412666749769448, 0.14073094095326555, 0.05796800174147892, 0.555828870497083]
[0.2207822540224427, 0.5783223905293549, 0.022678558466484693, 0.057950582803884154, 0.01568095113904443, 0.10458526303878911]
[0.1072019984518621, 0.68200438413359, 0.19879291244481673, 0.012000704969731225]
[0.26672409074346803, 0.09843911020634503, 0.15077725955294013, 0.06150804881508422, 0.4225514906821625]
[0.07152710524306205, 0.6027311501750939, 0.02380263155438713, 0.13127120606857695, 0.16320043467178072, 0.007467472287099312]
[0.19947762422162332, 0.17454658696903674, 0.33298145299274323, 0.29299433581659673]
[0.13497020130204943, 0.34312290694050884, 0.10138607970621692, 0.16147999874914254, 0.25904081330208223]
[0.1235835509365158, 0.5569250484300304, 0.1980752737572534, 0.04913862057280291, 0.054800709259084104, 0.017476797044313392]
[0.21030043663115927, 0.09155249499953612, 0.6032646282885769, 0.09488244008072763]
[0.19436914113769843, 0.052654084855470365, 0.17919042301224286, 0.46935356172010706, 0.10443278927448137]
[0.07948289708136991, 0.03108987337972707, 0.004265275888732699, 0.006748969170895238, 0.7835410180896832, 0.09487196638959182]
[0.09824516555069479, 0.29407286885156375, 0.2471415534983979, 0.3605404120993436]
[0.29272904641045355, 0.03956811708311157, 0.4146361513258975, 0.18445313033612204, 0.06861355484441535]
[0.09937658465221723, 0.03906269161291535, 0.12439239773062791, 0.06502265182385837, 0.4785642739615505, 0.19358140021883044]
[0.10884441333249989, 0.8249034109921147, 0.024550475526026926, 0.04170170014935844]
[0.2551231011218064, 0.029856783628952752, 0.048857286778721525, 0.6194508998660444, 0.046711928604474866]
[0.09795864083398853, 0.0285678913126978, 0.036207607804291275, 0.022306318395908683, 0.40594344955220213, 0.40901609210091167]
[0.12301160351815922, 0.00988218932725004, 0.5324705879689009, 0.3346356191856898]
[0.09465313379706859, 0.03879383303072238, 0.6084782798474805, 0.24558294359208302, 0.0124918097326457]
[0.09916787058589718, 0.6297555522156085, 0.011598959263916298, 0.18416274722774964, 0.03656882004345554, 0.038746050663372895]
[0.19004104470734376, 0.19611183449668734, 0.21032856187254398, 0.403518558923425]
[0.10403383823293973, 0.04899508561645244, 0.34682330144863105, 0.06080303202757044, 0.4393447426744062]
[0.07793683960353871, 0.007680999555035013, 0.03169640381727246, 0.012492902457073886, 0.7481167707588675, 0.12207608380821237]
[0.2686748989695603, 0.1990619573181018, 0.22718208969009768, 0.3050810540222403]
[0.1595423093640582, 0.35002479425044253, 0.3525172093237296, 0.042289664298909894, 0.09562602276285975]
[0.13674483749130736, 0.02569139585779702, 0.5875288304789283, 0.06690582097754547, 0.06627822902609527, 0.1168508861683266]
[0.17708574765177548, 0.07715659701092345, 0.06978087622144306, 0.675976779115858]
[0.09159878312749745, 0.06109359214234738, 0.7570719302462618, 0.01061448914457575, 0.07962120533931755]
[0.20587069898978777, 0.031199148557500632, 0.011565198661521347, 0.6237042457565865, 0.028829071889506355, 0.09883163614509734]
